100 1482
11 4
2 1
7 3
1 5
14 5
13 5
12 4
11 2
11 11
13 5
11 4
8 1
11 11
9 4
4 9
14 15
4 8
7 10
10 14
15 8
4 4
5 15
8 7
9 3
2 13
14 5
8 13
12 11
8 6
14 4
6 4
10 10
11 8
11 6
6 2
5 1
6 1
8 5
8 8
14 1
12 12
5 5
9 9
15 9
6 5
4 11
8 13
12 4
5 8
1 2
9 12
10 14
13 2
3 12
1 1
12 12
4 9
1 5
2 7
13 7
11 8
9 4
5 6
14 1
13 14
9 6
10 3
12 14
11 6
10 3
14 14
15 2
7 7
13 15
14 2
13 1
9 6
11 5
3 9
12 15
7 6
13 9
15 1
7 3
6 2
12 4
15 11
13 13
10 10
12 15
12 1
15 5
13 11
2 1
11 13
7 10
10 11
3 2
11 9
11 2
1 15 2
1 16 5
1 17 2
1 18 3
1 19 5
1 22 2
1 25 1
1 27 4
1 46 2
1 47 4
1 49 2
1 51 4
1 52 5
1 54 1
1 57 2
1 59 1
1 63 2
1 65 5
1 68 5
1 74 5
1 79 1
1 80 5
1 90 5
1 95 5
1 96 3
1 97 5
2 15 1
2 16 1
2 17 1
2 18 1
2 19 1
2 22 1
2 25 1
2 27 1
2 46 1
2 47 1
2 49 1
2 51 1
2 52 1
2 54 1
2 57 1
2 59 1
2 63 1
2 65 1
2 68 1
2 74 1
2 79 1
2 80 1
2 90 1
2 95 1
2 96 1
2 97 1
3 15 2
3 16 3
3 17 2
3 18 3
3 19 3
3 22 2
3 25 1
3 27 3
3 46 2
3 47 3
3 49 2
3 51 3
3 52 3
3 54 1
3 57 2
3 59 1
3 63 2
3 65 3
3 68 3
3 74 3
3 79 1
3 80 3
3 90 3
3 95 3
3 96 3
3 97 3
5 15 2
5 16 7
5 17 2
5 18 3
5 19 5
5 22 2
5 25 1
5 27 4
5 46 2
5 47 4
5 49 2
5 51 4
5 52 5
5 54 1
5 57 2
5 59 1
5 63 2
5 65 6
5 68 6
5 74 6
5 79 1
5 80 6
5 90 6
5 95 5
5 96 3
5 97 5
6 15 2
6 16 6
6 17 2
6 18 3
6 19 5
6 22 2
6 25 1
6 27 4
6 46 2
6 47 4
6 49 2
6 51 4
6 52 5
6 54 1
6 57 2
6 59 1
6 63 2
6 65 6
6 68 6
6 74 6
6 79 1
6 80 6
6 90 6
6 95 5
6 96 3
6 97 5
7 15 2
7 16 6
7 17 2
7 18 3
7 19 5
7 22 2
7 25 1
7 27 4
7 46 2
7 47 4
7 49 2
7 51 4
7 52 5
7 54 1
7 57 2
7 59 1
7 63 2
7 65 6
7 68 6
7 74 6
7 79 1
7 80 6
7 90 6
7 95 5
7 96 3
7 97 5
8 15 2
8 16 5
8 17 2
8 18 3
8 19 5
8 22 2
8 25 1
8 27 4
8 46 2
8 47 4
8 49 2
8 51 4
8 52 5
8 54 1
8 57 2
8 59 1
8 63 2
8 65 5
8 68 5
8 74 5
8 79 1
8 80 5
8 90 5
8 95 5
8 96 3
8 97 5
10 15 2
10 16 6
10 17 2
10 18 3
10 19 5
10 22 2
10 25 1
10 27 4
10 46 2
10 47 4
10 49 2
10 51 4
10 52 5
10 54 1
10 57 2
10 59 1
10 63 2
10 65 6
10 68 6
10 74 6
10 79 1
10 80 6
10 90 6
10 95 5
10 96 3
10 97 5
11 15 2
11 16 5
11 17 2
11 18 3
11 19 5
11 22 2
11 25 1
11 27 4
11 46 2
11 47 4
11 49 2
11 51 4
11 52 5
11 54 1
11 57 2
11 59 1
11 63 2
11 65 5
11 68 5
11 74 5
11 79 1
11 80 5
11 90 5
11 95 5
11 96 3
11 97 5
12 15 2
12 16 4
12 17 2
12 18 3
12 19 4
12 22 2
12 25 1
12 27 4
12 46 2
12 47 4
12 49 2
12 51 4
12 52 4
12 54 1
12 57 2
12 59 1
12 63 2
12 65 4
12 68 4
12 74 4
12 79 1
12 80 4
12 90 4
12 95 4
12 96 3
12 97 4
14 15 2
14 16 4
14 17 2
14 18 3
14 19 4
14 22 2
14 25 1
14 27 4
14 46 2
14 47 4
14 49 2
14 51 4
14 52 4
14 54 1
14 57 2
14 59 1
14 63 2
14 65 4
14 68 4
14 74 4
14 79 1
14 80 4
14 90 4
14 95 4
14 96 3
14 97 4
15 20 2
15 23 2
15 24 2
15 26 2
15 28 2
15 29 2
15 30 2
15 31 2
15 33 2
15 34 2
15 35 2
15 36 2
15 37 2
15 38 2
15 40 2
15 44 2
15 45 2
15 48 2
15 53 2
15 60 2
15 61 2
15 62 2
15 64 2
15 66 2
15 67 2
15 69 2
15 70 2
15 72 2
15 75 2
15 76 2
15 77 2
15 78 2
15 81 2
15 82 2
15 83 2
15 84 2
15 85 2
15 86 2
15 87 2
15 91 2
15 92 2
15 93 2
15 94 1
15 98 1
15 99 2
15 100 2
16 20 7
16 23 4
16 24 4
16 26 7
16 28 6
16 29 4
16 30 7
16 31 3
16 33 5
16 34 5
16 35 3
16 36 2
16 37 3
16 38 4
16 40 7
16 44 7
16 45 3
16 48 6
16 53 6
16 60 6
16 61 5
16 62 4
16 64 7
16 66 4
16 67 5
16 69 5
16 70 5
16 72 7
16 75 7
16 76 6
16 77 4
16 78 5
16 81 3
16 82 6
16 83 7
16 84 3
16 85 3
16 86 6
16 87 7
16 91 6
16 92 7
16 93 6
16 94 1
16 98 1
16 99 5
16 100 5
17 20 2
17 23 2
17 24 2
17 26 2
17 28 2
17 29 2
17 30 2
17 31 2
17 33 2
17 34 2
17 35 2
17 36 2
17 37 2
17 38 2
17 40 2
17 44 2
17 45 2
17 48 2
17 53 2
17 60 2
17 61 2
17 62 2
17 64 2
17 66 2
17 67 2
17 69 2
17 70 2
17 72 2
17 75 2
17 76 2
17 77 2
17 78 2
17 81 2
17 82 2
17 83 2
17 84 2
17 85 2
17 86 2
17 87 2
17 91 2
17 92 2
17 93 2
17 94 1
17 98 1
17 99 2
17 100 2
18 20 3
18 23 3
18 24 3
18 26 3
18 28 3
18 29 3
18 30 3
18 31 3
18 33 3
18 34 3
18 35 3
18 36 2
18 37 3
18 38 3
18 40 3
18 44 3
18 45 3
18 48 3
18 53 3
18 60 3
18 61 3
18 62 3
18 64 3
18 66 3
18 67 3
18 69 3
18 70 3
18 72 3
18 75 3
18 76 3
18 77 3
18 78 3
18 81 3
18 82 3
18 83 3
18 84 3
18 85 3
18 86 3
18 87 3
18 91 3
18 92 3
18 93 3
18 94 1
18 98 1
18 99 3
18 100 3
19 20 5
19 23 4
19 24 4
19 26 5
19 28 5
19 29 4
19 30 5
19 31 3
19 33 5
19 34 5
19 35 3
19 36 2
19 37 3
19 38 4
19 40 5
19 44 5
19 45 3
19 48 5
19 53 5
19 60 5
19 61 5
19 62 4
19 64 5
19 66 4
19 67 5
19 69 5
19 70 5
19 72 5
19 75 5
19 76 5
19 77 4
19 78 5
19 81 3
19 82 5
19 83 5
19 84 3
19 85 3
19 86 5
19 87 5
19 91 5
19 92 5
19 93 5
19 94 1
19 98 1
19 99 5
19 100 5
20 22 2
20 25 1
20 27 4
20 46 2
20 47 4
20 49 2
20 51 4
20 52 5
20 54 1
20 57 2
20 59 1
20 63 2
20 65 6
20 68 6
20 74 6
20 79 1
20 80 6
20 90 6
20 95 5
20 96 3
20 97 5
22 23 2
22 24 2
22 26 2
22 28 2
22 29 2
22 30 2
22 31 2
22 33 2
22 34 2
22 35 2
22 36 2
22 37 2
22 38 2
22 40 2
22 44 2
22 45 2
22 48 2
22 53 2
22 60 2
22 61 2
22 62 2
22 64 2
22 66 2
22 67 2
22 69 2
22 70 2
22 72 2
22 75 2
22 76 2
22 77 2
22 78 2
22 81 2
22 82 2
22 83 2
22 84 2
22 85 2
22 86 2
22 87 2
22 91 2
22 92 2
22 93 2
22 94 1
22 98 1
22 99 2
22 100 2
23 25 1
23 27 4
23 46 2
23 47 4
23 49 2
23 51 4
23 52 4
23 54 1
23 57 2
23 59 1
23 63 2
23 65 4
23 68 4
23 74 4
23 79 1
23 80 4
23 90 4
23 95 4
23 96 3
23 97 4
24 25 1
24 27 4
24 46 2
24 47 4
24 49 2
24 51 4
24 52 4
24 54 1
24 57 2
24 59 1
24 63 2
24 65 4
24 68 4
24 74 4
24 79 1
24 80 4
24 90 4
24 95 4
24 96 3
24 97 4
25 26 1
25 28 1
25 29 1
25 30 1
25 31 1
25 33 1
25 34 1
25 35 1
25 36 1
25 37 1
25 38 1
25 40 1
25 44 1
25 45 1
25 48 1
25 53 1
25 60 1
25 61 1
25 62 1
25 64 1
25 66 1
25 67 1
25 69 1
25 70 1
25 72 1
25 75 1
25 76 1
25 77 1
25 78 1
25 81 1
25 82 1
25 83 1
25 84 1
25 85 1
25 86 1
25 87 1
25 91 1
25 92 1
25 93 1
25 94 1
25 98 1
25 99 1
25 100 1
26 27 4
26 46 2
26 47 4
26 49 2
26 51 4
26 52 5
26 54 1
26 57 2
26 59 1
26 63 2
26 65 6
26 68 6
26 74 6
26 79 1
26 80 6
26 90 6
26 95 5
26 96 3
26 97 5
27 28 4
27 29 4
27 30 4
27 31 3
27 33 4
27 34 4
27 35 3
27 36 2
27 37 3
27 38 4
27 40 4
27 44 4
27 45 3
27 48 4
27 53 4
27 60 4
27 61 4
27 62 4
27 64 4
27 66 4
27 67 4
27 69 4
27 70 4
27 72 4
27 75 4
27 76 4
27 77 4
27 78 4
27 81 3
27 82 4
27 83 4
27 84 3
27 85 3
27 86 4
27 87 4
27 91 4
27 92 4
27 93 4
27 94 1
27 98 1
27 99 4
27 100 4
28 46 2
28 47 4
28 49 2
28 51 4
28 52 5
28 54 1
28 57 2
28 59 1
28 63 2
28 65 6
28 68 6
28 74 6
28 79 1
28 80 6
28 90 6
28 95 5
28 96 3
28 97 5
29 46 2
29 47 4
29 49 2
29 51 4
29 52 4
29 54 1
29 57 2
29 59 1
29 63 2
29 65 4
29 68 4
29 74 4
29 79 1
29 80 4
29 90 4
29 95 4
29 96 3
29 97 4
30 46 2
30 47 4
30 49 2
30 51 4
30 52 5
30 54 1
30 57 2
30 59 1
30 63 2
30 65 6
30 68 6
30 74 6
30 79 1
30 80 6
30 90 6
30 95 5
30 96 3
30 97 5
31 46 2
31 47 3
31 49 2
31 51 3
31 52 3
31 54 1
31 57 2
31 59 1
31 63 2
31 65 3
31 68 3
31 74 3
31 79 1
31 80 3
31 90 3
31 95 3
31 96 3
31 97 3
33 46 2
33 47 4
33 49 2
33 51 4
33 52 5
33 54 1
33 57 2
33 59 1
33 63 2
33 65 5
33 68 5
33 74 5
33 79 1
33 80 5
33 90 5
33 95 5
33 96 3
33 97 5
34 46 2
34 47 4
34 49 2
34 51 4
34 52 5
34 54 1
34 57 2
34 59 1
34 63 2
34 65 5
34 68 5
34 74 5
34 79 1
34 80 5
34 90 5
34 95 5
34 96 3
34 97 5
35 46 2
35 47 3
35 49 2
35 51 3
35 52 3
35 54 1
35 57 2
35 59 1
35 63 2
35 65 3
35 68 3
35 74 3
35 79 1
35 80 3
35 90 3
35 95 3
35 96 3
35 97 3
36 46 2
36 47 2
36 49 2
36 51 2
36 52 2
36 54 1
36 57 2
36 59 1
36 63 2
36 65 2
36 68 2
36 74 2
36 79 1
36 80 2
36 90 2
36 95 2
36 96 2
36 97 2
37 46 2
37 47 3
37 49 2
37 51 3
37 52 3
37 54 1
37 57 2
37 59 1
37 63 2
37 65 3
37 68 3
37 74 3
37 79 1
37 80 3
37 90 3
37 95 3
37 96 3
37 97 3
38 46 2
38 47 4
38 49 2
38 51 4
38 52 4
38 54 1
38 57 2
38 59 1
38 63 2
38 65 4
38 68 4
38 74 4
38 79 1
38 80 4
38 90 4
38 95 4
38 96 3
38 97 4
40 46 2
40 47 4
40 49 2
40 51 4
40 52 5
40 54 1
40 57 2
40 59 1
40 63 2
40 65 6
40 68 6
40 74 6
40 79 1
40 80 6
40 90 6
40 95 5
40 96 3
40 97 5
44 46 2
44 47 4
44 49 2
44 51 4
44 52 5
44 54 1
44 57 2
44 59 1
44 63 2
44 65 6
44 68 6
44 74 6
44 79 1
44 80 6
44 90 6
44 95 5
44 96 3
44 97 5
45 46 2
45 47 3
45 49 2
45 51 3
45 52 3
45 54 1
45 57 2
45 59 1
45 63 2
45 65 3
45 68 3
45 74 3
45 79 1
45 80 3
45 90 3
45 95 3
45 96 3
45 97 3
46 48 2
46 53 2
46 60 2
46 61 2
46 62 2
46 64 2
46 66 2
46 67 2
46 69 2
46 70 2
46 72 2
46 75 2
46 76 2
46 77 2
46 78 2
46 81 2
46 82 2
46 83 2
46 84 2
46 85 2
46 86 2
46 87 2
46 91 2
46 92 2
46 93 2
46 94 1
46 98 1
46 99 2
46 100 2
47 48 4
47 53 4
47 60 4
47 61 4
47 62 4
47 64 4
47 66 4
47 67 4
47 69 4
47 70 4
47 72 4
47 75 4
47 76 4
47 77 4
47 78 4
47 81 3
47 82 4
47 83 4
47 84 3
47 85 3
47 86 4
47 87 4
47 91 4
47 92 4
47 93 4
47 94 1
47 98 1
47 99 4
47 100 4
48 49 2
48 51 4
48 52 5
48 54 1
48 57 2
48 59 1
48 63 2
48 65 6
48 68 6
48 74 6
48 79 1
48 80 6
48 90 6
48 95 5
48 96 3
48 97 5
49 53 2
49 60 2
49 61 2
49 62 2
49 64 2
49 66 2
49 67 2
49 69 2
49 70 2
49 72 2
49 75 2
49 76 2
49 77 2
49 78 2
49 81 2
49 82 2
49 83 2
49 84 2
49 85 2
49 86 2
49 87 2
49 91 2
49 92 2
49 93 2
49 94 1
49 98 1
49 99 2
49 100 2
51 53 4
51 60 4
51 61 4
51 62 4
51 64 4
51 66 4
51 67 4
51 69 4
51 70 4
51 72 4
51 75 4
51 76 4
51 77 4
51 78 4
51 81 3
51 82 4
51 83 4
51 84 3
51 85 3
51 86 4
51 87 4
51 91 4
51 92 4
51 93 4
51 94 1
51 98 1
51 99 4
51 100 4
52 53 5
52 60 5
52 61 5
52 62 4
52 64 5
52 66 4
52 67 5
52 69 5
52 70 5
52 72 5
52 75 5
52 76 5
52 77 4
52 78 5
52 81 3
52 82 5
52 83 5
52 84 3
52 85 3
52 86 5
52 87 5
52 91 5
52 92 5
52 93 5
52 94 1
52 98 1
52 99 5
52 100 5
53 54 1
53 57 2
53 59 1
53 63 2
53 65 6
53 68 6
53 74 6
53 79 1
53 80 6
53 90 6
53 95 5
53 96 3
53 97 5
54 60 1
54 61 1
54 62 1
54 64 1
54 66 1
54 67 1
54 69 1
54 70 1
54 72 1
54 75 1
54 76 1
54 77 1
54 78 1
54 81 1
54 82 1
54 83 1
54 84 1
54 85 1
54 86 1
54 87 1
54 91 1
54 92 1
54 93 1
54 94 1
54 98 1
54 99 1
54 100 1
57 60 2
57 61 2
57 62 2
57 64 2
57 66 2
57 67 2
57 69 2
57 70 2
57 72 2
57 75 2
57 76 2
57 77 2
57 78 2
57 81 2
57 82 2
57 83 2
57 84 2
57 85 2
57 86 2
57 87 2
57 91 2
57 92 2
57 93 2
57 94 1
57 98 1
57 99 2
57 100 2
59 60 1
59 61 1
59 62 1
59 64 1
59 66 1
59 67 1
59 69 1
59 70 1
59 72 1
59 75 1
59 76 1
59 77 1
59 78 1
59 81 1
59 82 1
59 83 1
59 84 1
59 85 1
59 86 1
59 87 1
59 91 1
59 92 1
59 93 1
59 94 1
59 98 1
59 99 1
59 100 1
60 63 2
60 65 6
60 68 6
60 74 6
60 79 1
60 80 6
60 90 6
60 95 5
60 96 3
60 97 5
61 63 2
61 65 5
61 68 5
61 74 5
61 79 1
61 80 5
61 90 5
61 95 5
61 96 3
61 97 5
62 63 2
62 65 4
62 68 4
62 74 4
62 79 1
62 80 4
62 90 4
62 95 4
62 96 3
62 97 4
63 64 2
63 66 2
63 67 2
63 69 2
63 70 2
63 72 2
63 75 2
63 76 2
63 77 2
63 78 2
63 81 2
63 82 2
63 83 2
63 84 2
63 85 2
63 86 2
63 87 2
63 91 2
63 92 2
63 93 2
63 94 1
63 98 1
63 99 2
63 100 2
64 65 6
64 68 6
64 74 6
64 79 1
64 80 6
64 90 6
64 95 5
64 96 3
64 97 5
65 66 4
65 67 5
65 69 5
65 70 5
65 72 6
65 75 6
65 76 6
65 77 4
65 78 5
65 81 3
65 82 6
65 83 6
65 84 3
65 85 3
65 86 6
65 87 6
65 91 6
65 92 6
65 93 6
65 94 1
65 98 1
65 99 5
65 100 5
66 68 4
66 74 4
66 79 1
66 80 4
66 90 4
66 95 4
66 96 3
66 97 4
67 68 5
67 74 5
67 79 1
67 80 5
67 90 5
67 95 5
67 96 3
67 97 5
68 69 5
68 70 5
68 72 6
68 75 6
68 76 6
68 77 4
68 78 5
68 81 3
68 82 6
68 83 6
68 84 3
68 85 3
68 86 6
68 87 6
68 91 6
68 92 6
68 93 6
68 94 1
68 98 1
68 99 5
68 100 5
69 74 5
69 79 1
69 80 5
69 90 5
69 95 5
69 96 3
69 97 5
70 74 5
70 79 1
70 80 5
70 90 5
70 95 5
70 96 3
70 97 5
72 74 6
72 79 1
72 80 6
72 90 6
72 95 5
72 96 3
72 97 5
74 75 6
74 76 6
74 77 4
74 78 5
74 81 3
74 82 6
74 83 6
74 84 3
74 85 3
74 86 6
74 87 6
74 91 6
74 92 6
74 93 6
74 94 1
74 98 1
74 99 5
74 100 5
75 79 1
75 80 6
75 90 6
75 95 5
75 96 3
75 97 5
76 79 1
76 80 6
76 90 6
76 95 5
76 96 3
76 97 5
77 79 1
77 80 4
77 90 4
77 95 4
77 96 3
77 97 4
78 79 1
78 80 5
78 90 5
78 95 5
78 96 3
78 97 5
79 81 1
79 82 1
79 83 1
79 84 1
79 85 1
79 86 1
79 87 1
79 91 1
79 92 1
79 93 1
79 94 1
79 98 1
79 99 1
79 100 1
80 81 3
80 82 6
80 83 6
80 84 3
80 85 3
80 86 6
80 87 6
80 91 6
80 92 6
80 93 6
80 94 1
80 98 1
80 99 5
80 100 5
81 90 3
81 95 3
81 96 3
81 97 3
82 90 6
82 95 5
82 96 3
82 97 5
83 90 6
83 95 5
83 96 3
83 97 5
84 90 3
84 95 3
84 96 3
84 97 3
85 90 3
85 95 3
85 96 3
85 97 3
86 90 6
86 95 5
86 96 3
86 97 5
87 90 6
87 95 5
87 96 3
87 97 5
90 91 6
90 92 6
90 93 6
90 94 1
90 98 1
90 99 5
90 100 5
91 95 5
91 96 3
91 97 5
92 95 5
92 96 3
92 97 5
93 95 5
93 96 3
93 97 5
94 95 1
94 96 1
94 97 1
95 98 1
95 99 5
95 100 5
96 98 1
96 99 3
96 100 3
97 98 1
97 99 5
97 100 5
