200 8178
14 6
2 8
13 13
13 3
9 3
15 1
8 9
2 14
14 6
4 9
15 4
3 9
11 13
7 13
6 7
5 4
12 14
12 1
11 1
3 12
3 10
12 3
10 5
1 15
10 11
8 1
15 11
10 2
8 8
14 6
14 10
9 3
8 12
10 11
4 13
7 7
14 10
1 8
15 1
7 1
11 15
9 2
10 3
10 9
2 8
14 7
10 15
9 2
3 4
4 7
8 10
5 13
5 5
5 11
5 11
3 7
2 11
1 3
5 10
12 6
10 2
5 4
1 5
5 11
8 9
2 7
10 6
4 6
10 15
1 6
3 11
4 4
13 4
7 3
6 10
15 15
11 4
3 4
9 14
14 8
7 7
7 9
12 2
14 13
2 7
3 11
2 6
14 14
2 12
8 7
6 8
6 9
3 8
12 3
6 2
3 5
8 1
13 11
2 3
8 10
9 10
12 10
7 11
1 8
14 8
14 5
7 4
13 2
3 1
4 9
9 13
5 8
13 9
3 7
11 10
8 5
11 5
6 2
7 6
2 5
14 7
1 12
3 13
13 5
5 2
5 13
6 9
5 11
9 14
2 5
8 1
9 10
5 14
4 3
12 5
8 10
3 8
13 5
13 11
10 9
4 6
14 9
7 10
4 15
9 12
4 8
13 4
3 9
3 6
4 14
2 3
15 4
2 12
1 6
14 10
15 2
7 5
11 13
14 6
5 14
10 8
7 14
12 1
14 6
13 2
11 14
4 2
9 6
13 9
11 12
10 2
5 2
6 7
6 5
13 10
3 14
10 1
12 6
1 10
3 13
12 13
3 7
14 12
4 3
12 15
6 7
1 11
15 14
2 12
10 6
7 12
4 8
5 7
5 5
2 7
3 5
11 5
3 9
8 7
3 5
1 2 1
1 7 4
1 8 1
1 10 2
1 12 1
1 13 5
1 14 3
1 15 3
1 17 6
1 20 1
1 21 1
1 25 5
1 33 4
1 34 5
1 35 2
1 41 5
1 45 1
1 47 5
1 49 1
1 50 2
1 51 4
1 52 2
1 54 2
1 55 2
1 56 1
1 57 1
1 59 2
1 64 2
1 65 4
1 66 1
1 68 2
1 69 5
1 71 1
1 75 3
1 78 1
1 79 4
1 82 3
1 85 1
1 86 1
1 87 1
1 89 1
1 91 3
1 92 3
1 93 1
1 96 1
1 99 1
1 100 4
1 101 4
1 103 3
1 110 2
1 111 4
1 112 2
1 114 1
1 120 1
1 123 1
1 126 2
1 127 3
1 128 2
1 129 4
1 130 1
1 132 4
1 133 2
1 136 4
1 137 1
1 141 2
1 143 3
1 144 2
1 145 4
1 146 2
1 148 1
1 149 1
1 150 2
1 151 1
1 153 1
1 158 5
1 160 2
1 162 3
1 166 5
1 170 5
1 173 3
1 176 1
1 180 1
1 181 6
1 182 1
1 185 6
1 186 3
1 189 1
1 191 3
1 192 2
1 193 2
1 195 1
1 196 1
1 198 1
1 200 1
2 4 1
2 5 1
2 6 1
2 9 1
2 11 1
2 16 1
2 18 1
2 19 1
2 22 1
2 23 1
2 26 1
2 27 1
2 28 1
2 30 1
2 31 1
2 32 1
2 37 1
2 39 1
2 40 1
2 42 1
2 43 1
2 44 1
2 46 1
2 48 1
2 60 1
2 61 1
2 62 1
2 67 1
2 73 1
2 74 1
2 77 1
2 80 1
2 83 1
2 84 1
2 90 1
2 94 1
2 95 1
2 97 1
2 98 1
2 102 1
2 105 1
2 106 1
2 107 1
2 108 1
2 109 1
2 113 1
2 115 1
2 116 1
2 117 1
2 118 1
2 119 1
2 121 1
2 124 1
2 125 1
2 131 1
2 134 1
2 135 1
2 138 1
2 139 1
2 140 1
2 142 1
2 147 1
2 152 1
2 155 1
2 156 1
2 157 1
2 159 1
2 161 1
2 163 1
2 164 1
2 165 1
2 167 1
2 168 1
2 169 1
2 171 1
2 172 1
2 174 1
2 175 1
2 177 1
2 178 1
2 183 1
2 184 1
2 188 1
2 190 1
2 197 1
2 199 1
4 7 4
4 8 1
4 10 2
4 12 1
4 13 5
4 14 3
4 15 3
4 17 6
4 20 1
4 21 1
4 25 5
4 33 4
4 34 5
4 35 2
4 41 5
4 45 1
4 47 5
4 49 1
4 50 2
4 51 4
4 52 2
4 54 2
4 55 2
4 56 1
4 57 1
4 59 2
4 64 2
4 65 4
4 66 1
4 68 2
4 69 5
4 71 1
4 75 3
4 78 1
4 79 4
4 82 3
4 85 1
4 86 1
4 87 1
4 89 1
4 91 3
4 92 3
4 93 1
4 96 1
4 99 1
4 100 4
4 101 4
4 103 3
4 110 2
4 111 4
4 112 2
4 114 1
4 120 1
4 123 1
4 126 2
4 127 3
4 128 2
4 129 4
4 130 1
4 132 4
4 133 2
4 136 4
4 137 1
4 141 2
4 143 3
4 144 2
4 145 4
4 146 2
4 148 1
4 149 1
4 150 2
4 151 1
4 153 1
4 158 5
4 160 2
4 162 3
4 166 5
4 170 5
4 173 3
4 176 1
4 180 1
4 181 6
4 182 1
4 185 6
4 186 3
4 189 1
4 191 3
4 192 2
4 193 2
4 195 1
4 196 1
4 198 1
4 200 1
5 7 4
5 8 1
5 10 2
5 12 1
5 13 4
5 14 3
5 15 3
5 17 4
5 20 1
5 21 1
5 25 4
5 33 4
5 34 4
5 35 2
5 41 4
5 45 1
5 47 4
5 49 1
5 50 2
5 51 4
5 52 2
5 54 2
5 55 2
5 56 1
5 57 1
5 59 2
5 64 2
5 65 4
5 66 1
5 68 2
5 69 4
5 71 1
5 75 3
5 78 1
5 79 4
5 82 3
5 85 1
5 86 1
5 87 1
5 89 1
5 91 3
5 92 3
5 93 1
5 96 1
5 99 1
5 100 4
5 101 4
5 103 3
5 110 2
5 111 4
5 112 2
5 114 1
5 120 1
5 123 1
5 126 2
5 127 3
5 128 2
5 129 4
5 130 1
5 132 4
5 133 2
5 136 4
5 137 1
5 141 2
5 143 3
5 144 2
5 145 4
5 146 2
5 148 1
5 149 1
5 150 2
5 151 1
5 153 1
5 158 4
5 160 2
5 162 3
5 166 4
5 170 4
5 173 3
5 176 1
5 180 1
5 181 4
5 182 1
5 185 4
5 186 3
5 189 1
5 191 3
5 192 2
5 193 2
5 195 1
5 196 1
5 198 1
5 200 1
6 7 4
6 8 1
6 10 2
6 12 1
6 13 5
6 14 3
6 15 3
6 17 6
6 20 1
6 21 1
6 25 5
6 33 4
6 34 5
6 35 2
6 41 5
6 45 1
6 47 5
6 49 1
6 50 2
6 51 4
6 52 2
6 54 2
6 55 2
6 56 1
6 57 1
6 59 2
6 64 2
6 65 4
6 66 1
6 68 2
6 69 5
6 71 1
6 75 3
6 78 1
6 79 4
6 82 3
6 85 1
6 86 1
6 87 1
6 89 1
6 91 3
6 92 3
6 93 1
6 96 1
6 99 1
6 100 4
6 101 4
6 103 3
6 110 2
6 111 4
6 112 2
6 114 1
6 120 1
6 123 1
6 126 2
6 127 3
6 128 2
6 129 4
6 130 1
6 132 4
6 133 2
6 136 4
6 137 1
6 141 2
6 143 3
6 144 2
6 145 4
6 146 2
6 148 1
6 149 1
6 150 2
6 151 1
6 153 1
6 158 5
6 160 2
6 162 3
6 166 5
6 170 5
6 173 3
6 176 1
6 180 1
6 181 6
6 182 1
6 185 6
6 186 3
6 189 1
6 191 3
6 192 2
6 193 2
6 195 1
6 196 1
6 198 1
6 200 1
7 9 4
7 11 4
7 16 2
7 18 4
7 19 4
7 22 4
7 23 4
7 26 4
7 27 4
7 28 4
7 30 4
7 31 4
7 32 4
7 37 4
7 39 4
7 40 3
7 42 4
7 43 4
7 44 4
7 46 4
7 48 4
7 60 4
7 61 4
7 62 2
7 67 4
7 73 4
7 74 3
7 77 4
7 80 4
7 83 4
7 84 4
7 90 4
7 94 4
7 95 3
7 97 4
7 98 4
7 102 4
7 105 4
7 106 4
7 107 3
7 108 4
7 109 1
7 113 4
7 115 4
7 116 4
7 117 4
7 118 3
7 119 3
7 121 4
7 124 4
7 125 2
7 131 4
7 134 2
7 135 4
7 138 4
7 139 4
7 140 4
7 142 4
7 147 4
7 152 4
7 155 4
7 156 4
7 157 3
7 159 4
7 161 4
7 163 4
7 164 4
7 165 4
7 167 2
7 168 4
7 169 4
7 171 4
7 172 2
7 174 3
7 175 4
7 177 4
7 178 4
7 183 4
7 184 2
7 188 4
7 190 4
7 197 4
7 199 4
8 9 1
8 11 1
8 16 1
8 18 1
8 19 1
8 22 1
8 23 1
8 26 1
8 27 1
8 28 1
8 30 1
8 31 1
8 32 1
8 37 1
8 39 1
8 40 1
8 42 1
8 43 1
8 44 1
8 46 1
8 48 1
8 60 1
8 61 1
8 62 1
8 67 1
8 73 1
8 74 1
8 77 1
8 80 1
8 83 1
8 84 1
8 90 1
8 94 1
8 95 1
8 97 1
8 98 1
8 102 1
8 105 1
8 106 1
8 107 1
8 108 1
8 109 1
8 113 1
8 115 1
8 116 1
8 117 1
8 118 1
8 119 1
8 121 1
8 124 1
8 125 1
8 131 1
8 134 1
8 135 1
8 138 1
8 139 1
8 140 1
8 142 1
8 147 1
8 152 1
8 155 1
8 156 1
8 157 1
8 159 1
8 161 1
8 163 1
8 164 1
8 165 1
8 167 1
8 168 1
8 169 1
8 171 1
8 172 1
8 174 1
8 175 1
8 177 1
8 178 1
8 183 1
8 184 1
8 188 1
8 190 1
8 197 1
8 199 1
9 10 2
9 12 1
9 13 5
9 14 3
9 15 3
9 17 6
9 20 1
9 21 1
9 25 5
9 33 4
9 34 5
9 35 2
9 41 5
9 45 1
9 47 5
9 49 1
9 50 2
9 51 4
9 52 2
9 54 2
9 55 2
9 56 1
9 57 1
9 59 2
9 64 2
9 65 4
9 66 1
9 68 2
9 69 5
9 71 1
9 75 3
9 78 1
9 79 4
9 82 3
9 85 1
9 86 1
9 87 1
9 89 1
9 91 3
9 92 3
9 93 1
9 96 1
9 99 1
9 100 4
9 101 4
9 103 3
9 110 2
9 111 4
9 112 2
9 114 1
9 120 1
9 123 1
9 126 2
9 127 3
9 128 2
9 129 4
9 130 1
9 132 4
9 133 2
9 136 4
9 137 1
9 141 2
9 143 3
9 144 2
9 145 4
9 146 2
9 148 1
9 149 1
9 150 2
9 151 1
9 153 1
9 158 5
9 160 2
9 162 3
9 166 5
9 170 5
9 173 3
9 176 1
9 180 1
9 181 6
9 182 1
9 185 6
9 186 3
9 189 1
9 191 3
9 192 2
9 193 2
9 195 1
9 196 1
9 198 1
9 200 1
10 11 2
10 16 2
10 18 2
10 19 2
10 22 2
10 23 2
10 26 2
10 27 2
10 28 2
10 30 2
10 31 2
10 32 2
10 37 2
10 39 2
10 40 2
10 42 2
10 43 2
10 44 2
10 46 2
10 48 2
10 60 2
10 61 2
10 62 2
10 67 2
10 73 2
10 74 2
10 77 2
10 80 2
10 83 2
10 84 2
10 90 2
10 94 2
10 95 2
10 97 2
10 98 2
10 102 2
10 105 2
10 106 2
10 107 2
10 108 2
10 109 1
10 113 2
10 115 2
10 116 2
10 117 2
10 118 2
10 119 2
10 121 2
10 124 2
10 125 2
10 131 2
10 134 2
10 135 2
10 138 2
10 139 2
10 140 2
10 142 2
10 147 2
10 152 2
10 155 2
10 156 2
10 157 2
10 159 2
10 161 2
10 163 2
10 164 2
10 165 2
10 167 2
10 168 2
10 169 2
10 171 2
10 172 2
10 174 2
10 175 2
10 177 2
10 178 2
10 183 2
10 184 2
10 188 2
10 190 2
10 197 2
10 199 2
11 12 1
11 13 5
11 14 3
11 15 3
11 17 6
11 20 1
11 21 1
11 25 5
11 33 4
11 34 5
11 35 2
11 41 5
11 45 1
11 47 5
11 49 1
11 50 2
11 51 4
11 52 2
11 54 2
11 55 2
11 56 1
11 57 1
11 59 2
11 64 2
11 65 4
11 66 1
11 68 2
11 69 5
11 71 1
11 75 3
11 78 1
11 79 4
11 82 3
11 85 1
11 86 1
11 87 1
11 89 1
11 91 3
11 92 3
11 93 1
11 96 1
11 99 1
11 100 4
11 101 4
11 103 3
11 110 2
11 111 4
11 112 2
11 114 1
11 120 1
11 123 1
11 126 2
11 127 3
11 128 2
11 129 4
11 130 1
11 132 4
11 133 2
11 136 4
11 137 1
11 141 2
11 143 3
11 144 2
11 145 4
11 146 2
11 148 1
11 149 1
11 150 2
11 151 1
11 153 1
11 158 5
11 160 2
11 162 3
11 166 5
11 170 5
11 173 3
11 176 1
11 180 1
11 181 6
11 182 1
11 185 6
11 186 3
11 189 1
11 191 3
11 192 2
11 193 2
11 195 1
11 196 1
11 198 1
11 200 1
12 16 1
12 18 1
12 19 1
12 22 1
12 23 1
12 26 1
12 27 1
12 28 1
12 30 1
12 31 1
12 32 1
12 37 1
12 39 1
12 40 1
12 42 1
12 43 1
12 44 1
12 46 1
12 48 1
12 60 1
12 61 1
12 62 1
12 67 1
12 73 1
12 74 1
12 77 1
12 80 1
12 83 1
12 84 1
12 90 1
12 94 1
12 95 1
12 97 1
12 98 1
12 102 1
12 105 1
12 106 1
12 107 1
12 108 1
12 109 1
12 113 1
12 115 1
12 116 1
12 117 1
12 118 1
12 119 1
12 121 1
12 124 1
12 125 1
12 131 1
12 134 1
12 135 1
12 138 1
12 139 1
12 140 1
12 142 1
12 147 1
12 152 1
12 155 1
12 156 1
12 157 1
12 159 1
12 161 1
12 163 1
12 164 1
12 165 1
12 167 1
12 168 1
12 169 1
12 171 1
12 172 1
12 174 1
12 175 1
12 177 1
12 178 1
12 183 1
12 184 1
12 188 1
12 190 1
12 197 1
12 199 1
13 16 2
13 18 5
13 19 5
13 22 5
13 23 5
13 26 4
13 27 5
13 28 5
13 30 5
13 31 5
13 32 4
13 37 5
13 39 5
13 40 3
13 42 4
13 43 5
13 44 5
13 46 5
13 48 4
13 60 5
13 61 5
13 62 2
13 67 5
13 73 5
13 74 3
13 77 5
13 80 5
13 83 5
13 84 5
13 90 4
13 94 5
13 95 3
13 97 4
13 98 5
13 102 5
13 105 5
13 106 5
13 107 3
13 108 5
13 109 1
13 113 5
13 115 5
13 116 4
13 117 5
13 118 3
13 119 3
13 121 5
13 124 5
13 125 2
13 131 4
13 134 2
13 135 5
13 138 5
13 139 5
13 140 5
13 142 5
13 147 5
13 152 5
13 155 5
13 156 5
13 157 3
13 159 5
13 161 5
13 163 5
13 164 5
13 165 5
13 167 2
13 168 4
13 169 5
13 171 5
13 172 2
13 174 3
13 175 5
13 177 5
13 178 5
13 183 5
13 184 2
13 188 5
13 190 5
13 197 5
13 199 4
14 16 2
14 18 3
14 19 3
14 22 3
14 23 3
14 26 3
14 27 3
14 28 3
14 30 3
14 31 3
14 32 3
14 37 3
14 39 3
14 40 3
14 42 3
14 43 3
14 44 3
14 46 3
14 48 3
14 60 3
14 61 3
14 62 2
14 67 3
14 73 3
14 74 3
14 77 3
14 80 3
14 83 3
14 84 3
14 90 3
14 94 3
14 95 3
14 97 3
14 98 3
14 102 3
14 105 3
14 106 3
14 107 3
14 108 3
14 109 1
14 113 3
14 115 3
14 116 3
14 117 3
14 118 3
14 119 3
14 121 3
14 124 3
14 125 2
14 131 3
14 134 2
14 135 3
14 138 3
14 139 3
14 140 3
14 142 3
14 147 3
14 152 3
14 155 3
14 156 3
14 157 3
14 159 3
14 161 3
14 163 3
14 164 3
14 165 3
14 167 2
14 168 3
14 169 3
14 171 3
14 172 2
14 174 3
14 175 3
14 177 3
14 178 3
14 183 3
14 184 2
14 188 3
14 190 3
14 197 3
14 199 3
15 16 2
15 18 3
15 19 3
15 22 3
15 23 3
15 26 3
15 27 3
15 28 3
15 30 3
15 31 3
15 32 3
15 37 3
15 39 3
15 40 3
15 42 3
15 43 3
15 44 3
15 46 3
15 48 3
15 60 3
15 61 3
15 62 2
15 67 3
15 73 3
15 74 3
15 77 3
15 80 3
15 83 3
15 84 3
15 90 3
15 94 3
15 95 3
15 97 3
15 98 3
15 102 3
15 105 3
15 106 3
15 107 3
15 108 3
15 109 1
15 113 3
15 115 3
15 116 3
15 117 3
15 118 3
15 119 3
15 121 3
15 124 3
15 125 2
15 131 3
15 134 2
15 135 3
15 138 3
15 139 3
15 140 3
15 142 3
15 147 3
15 152 3
15 155 3
15 156 3
15 157 3
15 159 3
15 161 3
15 163 3
15 164 3
15 165 3
15 167 2
15 168 3
15 169 3
15 171 3
15 172 2
15 174 3
15 175 3
15 177 3
15 178 3
15 183 3
15 184 2
15 188 3
15 190 3
15 197 3
15 199 3
16 17 2
16 20 1
16 21 1
16 25 2
16 33 2
16 34 2
16 35 2
16 41 2
16 45 1
16 47 2
16 49 1
16 50 2
16 51 2
16 52 2
16 54 2
16 55 2
16 56 1
16 57 1
16 59 2
16 64 2
16 65 2
16 66 1
16 68 2
16 69 2
16 71 1
16 75 2
16 78 1
16 79 2
16 82 2
16 85 1
16 86 1
16 87 1
16 89 1
16 91 2
16 92 2
16 93 1
16 96 1
16 99 1
16 100 2
16 101 2
16 103 2
16 110 2
16 111 2
16 112 2
16 114 1
16 120 1
16 123 1
16 126 2
16 127 2
16 128 2
16 129 2
16 130 1
16 132 2
16 133 2
16 136 2
16 137 1
16 141 2
16 143 2
16 144 2
16 145 2
16 146 2
16 148 1
16 149 1
16 150 2
16 151 1
16 153 1
16 158 2
16 160 2
16 162 2
16 166 2
16 170 2
16 173 2
16 176 1
16 180 1
16 181 2
16 182 1
16 185 2
16 186 2
16 189 1
16 191 2
16 192 2
16 193 2
16 195 1
16 196 1
16 198 1
16 200 1
17 18 6
17 19 5
17 22 6
17 23 5
17 26 4
17 27 6
17 28 5
17 30 6
17 31 6
17 32 4
17 37 6
17 39 6
17 40 3
17 42 4
17 43 5
17 44 5
17 46 6
17 48 4
17 60 6
17 61 5
17 62 2
17 67 5
17 73 6
17 74 3
17 77 5
17 80 6
17 83 6
17 84 6
17 90 4
17 94 6
17 95 3
17 97 4
17 98 6
17 102 6
17 105 6
17 106 6
17 107 3
17 108 6
17 109 1
17 113 6
17 115 5
17 116 4
17 117 5
17 118 3
17 119 3
17 121 6
17 124 6
17 125 2
17 131 4
17 134 2
17 135 6
17 138 6
17 139 6
17 140 5
17 142 6
17 147 6
17 152 6
17 155 6
17 156 6
17 157 3
17 159 6
17 161 5
17 163 6
17 164 6
17 165 6
17 167 2
17 168 4
17 169 6
17 171 5
17 172 2
17 174 3
17 175 6
17 177 5
17 178 6
17 183 6
17 184 2
17 188 6
17 190 5
17 197 5
17 199 4
18 20 1
18 21 1
18 25 5
18 33 4
18 34 5
18 35 2
18 41 5
18 45 1
18 47 5
18 49 1
18 50 2
18 51 4
18 52 2
18 54 2
18 55 2
18 56 1
18 57 1
18 59 2
18 64 2
18 65 4
18 66 1
18 68 2
18 69 5
18 71 1
18 75 3
18 78 1
18 79 4
18 82 3
18 85 1
18 86 1
18 87 1
18 89 1
18 91 3
18 92 3
18 93 1
18 96 1
18 99 1
18 100 4
18 101 4
18 103 3
18 110 2
18 111 4
18 112 2
18 114 1
18 120 1
18 123 1
18 126 2
18 127 3
18 128 2
18 129 4
18 130 1
18 132 4
18 133 2
18 136 4
18 137 1
18 141 2
18 143 3
18 144 2
18 145 4
18 146 2
18 148 1
18 149 1
18 150 2
18 151 1
18 153 1
18 158 5
18 160 2
18 162 3
18 166 5
18 170 5
18 173 3
18 176 1
18 180 1
18 181 6
18 182 1
18 185 6
18 186 3
18 189 1
18 191 3
18 192 2
18 193 2
18 195 1
18 196 1
18 198 1
18 200 1
19 20 1
19 21 1
19 25 5
19 33 4
19 34 5
19 35 2
19 41 5
19 45 1
19 47 5
19 49 1
19 50 2
19 51 4
19 52 2
19 54 2
19 55 2
19 56 1
19 57 1
19 59 2
19 64 2
19 65 4
19 66 1
19 68 2
19 69 5
19 71 1
19 75 3
19 78 1
19 79 4
19 82 3
19 85 1
19 86 1
19 87 1
19 89 1
19 91 3
19 92 3
19 93 1
19 96 1
19 99 1
19 100 4
19 101 4
19 103 3
19 110 2
19 111 4
19 112 2
19 114 1
19 120 1
19 123 1
19 126 2
19 127 3
19 128 2
19 129 4
19 130 1
19 132 4
19 133 2
19 136 4
19 137 1
19 141 2
19 143 3
19 144 2
19 145 4
19 146 2
19 148 1
19 149 1
19 150 2
19 151 1
19 153 1
19 158 5
19 160 2
19 162 3
19 166 5
19 170 5
19 173 3
19 176 1
19 180 1
19 181 5
19 182 1
19 185 5
19 186 3
19 189 1
19 191 3
19 192 2
19 193 2
19 195 1
19 196 1
19 198 1
19 200 1
20 22 1
20 23 1
20 26 1
20 27 1
20 28 1
20 30 1
20 31 1
20 32 1
20 37 1
20 39 1
20 40 1
20 42 1
20 43 1
20 44 1
20 46 1
20 48 1
20 60 1
20 61 1
20 62 1
20 67 1
20 73 1
20 74 1
20 77 1
20 80 1
20 83 1
20 84 1
20 90 1
20 94 1
20 95 1
20 97 1
20 98 1
20 102 1
20 105 1
20 106 1
20 107 1
20 108 1
20 109 1
20 113 1
20 115 1
20 116 1
20 117 1
20 118 1
20 119 1
20 121 1
20 124 1
20 125 1
20 131 1
20 134 1
20 135 1
20 138 1
20 139 1
20 140 1
20 142 1
20 147 1
20 152 1
20 155 1
20 156 1
20 157 1
20 159 1
20 161 1
20 163 1
20 164 1
20 165 1
20 167 1
20 168 1
20 169 1
20 171 1
20 172 1
20 174 1
20 175 1
20 177 1
20 178 1
20 183 1
20 184 1
20 188 1
20 190 1
20 197 1
20 199 1
21 22 1
21 23 1
21 26 1
21 27 1
21 28 1
21 30 1
21 31 1
21 32 1
21 37 1
21 39 1
21 40 1
21 42 1
21 43 1
21 44 1
21 46 1
21 48 1
21 60 1
21 61 1
21 62 1
21 67 1
21 73 1
21 74 1
21 77 1
21 80 1
21 83 1
21 84 1
21 90 1
21 94 1
21 95 1
21 97 1
21 98 1
21 102 1
21 105 1
21 106 1
21 107 1
21 108 1
21 109 1
21 113 1
21 115 1
21 116 1
21 117 1
21 118 1
21 119 1
21 121 1
21 124 1
21 125 1
21 131 1
21 134 1
21 135 1
21 138 1
21 139 1
21 140 1
21 142 1
21 147 1
21 152 1
21 155 1
21 156 1
21 157 1
21 159 1
21 161 1
21 163 1
21 164 1
21 165 1
21 167 1
21 168 1
21 169 1
21 171 1
21 172 1
21 174 1
21 175 1
21 177 1
21 178 1
21 183 1
21 184 1
21 188 1
21 190 1
21 197 1
21 199 1
22 25 5
22 33 4
22 34 5
22 35 2
22 41 5
22 45 1
22 47 5
22 49 1
22 50 2
22 51 4
22 52 2
22 54 2
22 55 2
22 56 1
22 57 1
22 59 2
22 64 2
22 65 4
22 66 1
22 68 2
22 69 5
22 71 1
22 75 3
22 78 1
22 79 4
22 82 3
22 85 1
22 86 1
22 87 1
22 89 1
22 91 3
22 92 3
22 93 1
22 96 1
22 99 1
22 100 4
22 101 4
22 103 3
22 110 2
22 111 4
22 112 2
22 114 1
22 120 1
22 123 1
22 126 2
22 127 3
22 128 2
22 129 4
22 130 1
22 132 4
22 133 2
22 136 4
22 137 1
22 141 2
22 143 3
22 144 2
22 145 4
22 146 2
22 148 1
22 149 1
22 150 2
22 151 1
22 153 1
22 158 5
22 160 2
22 162 3
22 166 5
22 170 5
22 173 3
22 176 1
22 180 1
22 181 6
22 182 1
22 185 6
22 186 3
22 189 1
22 191 3
22 192 2
22 193 2
22 195 1
22 196 1
22 198 1
22 200 1
23 25 5
23 33 4
23 34 5
23 35 2
23 41 5
23 45 1
23 47 5
23 49 1
23 50 2
23 51 4
23 52 2
23 54 2
23 55 2
23 56 1
23 57 1
23 59 2
23 64 2
23 65 4
23 66 1
23 68 2
23 69 5
23 71 1
23 75 3
23 78 1
23 79 4
23 82 3
23 85 1
23 86 1
23 87 1
23 89 1
23 91 3
23 92 3
23 93 1
23 96 1
23 99 1
23 100 4
23 101 4
23 103 3
23 110 2
23 111 4
23 112 2
23 114 1
23 120 1
23 123 1
23 126 2
23 127 3
23 128 2
23 129 4
23 130 1
23 132 4
23 133 2
23 136 4
23 137 1
23 141 2
23 143 3
23 144 2
23 145 4
23 146 2
23 148 1
23 149 1
23 150 2
23 151 1
23 153 1
23 158 5
23 160 2
23 162 3
23 166 5
23 170 5
23 173 3
23 176 1
23 180 1
23 181 5
23 182 1
23 185 5
23 186 3
23 189 1
23 191 3
23 192 2
23 193 2
23 195 1
23 196 1
23 198 1
23 200 1
25 26 4
25 27 5
25 28 5
25 30 5
25 31 5
25 32 4
25 37 5
25 39 5
25 40 3
25 42 4
25 43 5
25 44 5
25 46 5
25 48 4
25 60 5
25 61 5
25 62 2
25 67 5
25 73 5
25 74 3
25 77 5
25 80 5
25 83 5
25 84 5
25 90 4
25 94 5
25 95 3
25 97 4
25 98 5
25 102 5
25 105 5
25 106 5
25 107 3
25 108 5
25 109 1
25 113 5
25 115 5
25 116 4
25 117 5
25 118 3
25 119 3
25 121 5
25 124 5
25 125 2
25 131 4
25 134 2
25 135 5
25 138 5
25 139 5
25 140 5
25 142 5
25 147 5
25 152 5
25 155 5
25 156 5
25 157 3
25 159 5
25 161 5
25 163 5
25 164 5
25 165 5
25 167 2
25 168 4
25 169 5
25 171 5
25 172 2
25 174 3
25 175 5
25 177 5
25 178 5
25 183 5
25 184 2
25 188 5
25 190 5
25 197 5
25 199 4
26 33 4
26 34 4
26 35 2
26 41 4
26 45 1
26 47 4
26 49 1
26 50 2
26 51 4
26 52 2
26 54 2
26 55 2
26 56 1
26 57 1
26 59 2
26 64 2
26 65 4
26 66 1
26 68 2
26 69 4
26 71 1
26 75 3
26 78 1
26 79 4
26 82 3
26 85 1
26 86 1
26 87 1
26 89 1
26 91 3
26 92 3
26 93 1
26 96 1
26 99 1
26 100 4
26 101 4
26 103 3
26 110 2
26 111 4
26 112 2
26 114 1
26 120 1
26 123 1
26 126 2
26 127 3
26 128 2
26 129 4
26 130 1
26 132 4
26 133 2
26 136 4
26 137 1
26 141 2
26 143 3
26 144 2
26 145 4
26 146 2
26 148 1
26 149 1
26 150 2
26 151 1
26 153 1
26 158 4
26 160 2
26 162 3
26 166 4
26 170 4
26 173 3
26 176 1
26 180 1
26 181 4
26 182 1
26 185 4
26 186 3
26 189 1
26 191 3
26 192 2
26 193 2
26 195 1
26 196 1
26 198 1
26 200 1
27 33 4
27 34 5
27 35 2
27 41 5
27 45 1
27 47 5
27 49 1
27 50 2
27 51 4
27 52 2
27 54 2
27 55 2
27 56 1
27 57 1
27 59 2
27 64 2
27 65 4
27 66 1
27 68 2
27 69 5
27 71 1
27 75 3
27 78 1
27 79 4
27 82 3
27 85 1
27 86 1
27 87 1
27 89 1
27 91 3
27 92 3
27 93 1
27 96 1
27 99 1
27 100 4
27 101 4
27 103 3
27 110 2
27 111 4
27 112 2
27 114 1
27 120 1
27 123 1
27 126 2
27 127 3
27 128 2
27 129 4
27 130 1
27 132 4
27 133 2
27 136 4
27 137 1
27 141 2
27 143 3
27 144 2
27 145 4
27 146 2
27 148 1
27 149 1
27 150 2
27 151 1
27 153 1
27 158 5
27 160 2
27 162 3
27 166 5
27 170 5
27 173 3
27 176 1
27 180 1
27 181 6
27 182 1
27 185 6
27 186 3
27 189 1
27 191 3
27 192 2
27 193 2
27 195 1
27 196 1
27 198 1
27 200 1
28 33 4
28 34 5
28 35 2
28 41 5
28 45 1
28 47 5
28 49 1
28 50 2
28 51 4
28 52 2
28 54 2
28 55 2
28 56 1
28 57 1
28 59 2
28 64 2
28 65 4
28 66 1
28 68 2
28 69 5
28 71 1
28 75 3
28 78 1
28 79 4
28 82 3
28 85 1
28 86 1
28 87 1
28 89 1
28 91 3
28 92 3
28 93 1
28 96 1
28 99 1
28 100 4
28 101 4
28 103 3
28 110 2
28 111 4
28 112 2
28 114 1
28 120 1
28 123 1
28 126 2
28 127 3
28 128 2
28 129 4
28 130 1
28 132 4
28 133 2
28 136 4
28 137 1
28 141 2
28 143 3
28 144 2
28 145 4
28 146 2
28 148 1
28 149 1
28 150 2
28 151 1
28 153 1
28 158 5
28 160 2
28 162 3
28 166 5
28 170 5
28 173 3
28 176 1
28 180 1
28 181 5
28 182 1
28 185 5
28 186 3
28 189 1
28 191 3
28 192 2
28 193 2
28 195 1
28 196 1
28 198 1
28 200 1
30 33 4
30 34 5
30 35 2
30 41 5
30 45 1
30 47 5
30 49 1
30 50 2
30 51 4
30 52 2
30 54 2
30 55 2
30 56 1
30 57 1
30 59 2
30 64 2
30 65 4
30 66 1
30 68 2
30 69 5
30 71 1
30 75 3
30 78 1
30 79 4
30 82 3
30 85 1
30 86 1
30 87 1
30 89 1
30 91 3
30 92 3
30 93 1
30 96 1
30 99 1
30 100 4
30 101 4
30 103 3
30 110 2
30 111 4
30 112 2
30 114 1
30 120 1
30 123 1
30 126 2
30 127 3
30 128 2
30 129 4
30 130 1
30 132 4
30 133 2
30 136 4
30 137 1
30 141 2
30 143 3
30 144 2
30 145 4
30 146 2
30 148 1
30 149 1
30 150 2
30 151 1
30 153 1
30 158 5
30 160 2
30 162 3
30 166 5
30 170 5
30 173 3
30 176 1
30 180 1
30 181 6
30 182 1
30 185 6
30 186 3
30 189 1
30 191 3
30 192 2
30 193 2
30 195 1
30 196 1
30 198 1
30 200 1
31 33 4
31 34 5
31 35 2
31 41 5
31 45 1
31 47 5
31 49 1
31 50 2
31 51 4
31 52 2
31 54 2
31 55 2
31 56 1
31 57 1
31 59 2
31 64 2
31 65 4
31 66 1
31 68 2
31 69 5
31 71 1
31 75 3
31 78 1
31 79 4
31 82 3
31 85 1
31 86 1
31 87 1
31 89 1
31 91 3
31 92 3
31 93 1
31 96 1
31 99 1
31 100 4
31 101 4
31 103 3
31 110 2
31 111 4
31 112 2
31 114 1
31 120 1
31 123 1
31 126 2
31 127 3
31 128 2
31 129 4
31 130 1
31 132 4
31 133 2
31 136 4
31 137 1
31 141 2
31 143 3
31 144 2
31 145 4
31 146 2
31 148 1
31 149 1
31 150 2
31 151 1
31 153 1
31 158 5
31 160 2
31 162 3
31 166 5
31 170 5
31 173 3
31 176 1
31 180 1
31 181 6
31 182 1
31 185 6
31 186 3
31 189 1
31 191 3
31 192 2
31 193 2
31 195 1
31 196 1
31 198 1
31 200 1
32 33 4
32 34 4
32 35 2
32 41 4
32 45 1
32 47 4
32 49 1
32 50 2
32 51 4
32 52 2
32 54 2
32 55 2
32 56 1
32 57 1
32 59 2
32 64 2
32 65 4
32 66 1
32 68 2
32 69 4
32 71 1
32 75 3
32 78 1
32 79 4
32 82 3
32 85 1
32 86 1
32 87 1
32 89 1
32 91 3
32 92 3
32 93 1
32 96 1
32 99 1
32 100 4
32 101 4
32 103 3
32 110 2
32 111 4
32 112 2
32 114 1
32 120 1
32 123 1
32 126 2
32 127 3
32 128 2
32 129 4
32 130 1
32 132 4
32 133 2
32 136 4
32 137 1
32 141 2
32 143 3
32 144 2
32 145 4
32 146 2
32 148 1
32 149 1
32 150 2
32 151 1
32 153 1
32 158 4
32 160 2
32 162 3
32 166 4
32 170 4
32 173 3
32 176 1
32 180 1
32 181 4
32 182 1
32 185 4
32 186 3
32 189 1
32 191 3
32 192 2
32 193 2
32 195 1
32 196 1
32 198 1
32 200 1
33 37 4
33 39 4
33 40 3
33 42 4
33 43 4
33 44 4
33 46 4
33 48 4
33 60 4
33 61 4
33 62 2
33 67 4
33 73 4
33 74 3
33 77 4
33 80 4
33 83 4
33 84 4
33 90 4
33 94 4
33 95 3
33 97 4
33 98 4
33 102 4
33 105 4
33 106 4
33 107 3
33 108 4
33 109 1
33 113 4
33 115 4
33 116 4
33 117 4
33 118 3
33 119 3
33 121 4
33 124 4
33 125 2
33 131 4
33 134 2
33 135 4
33 138 4
33 139 4
33 140 4
33 142 4
33 147 4
33 152 4
33 155 4
33 156 4
33 157 3
33 159 4
33 161 4
33 163 4
33 164 4
33 165 4
33 167 2
33 168 4
33 169 4
33 171 4
33 172 2
33 174 3
33 175 4
33 177 4
33 178 4
33 183 4
33 184 2
33 188 4
33 190 4
33 197 4
33 199 4
34 37 5
34 39 5
34 40 3
34 42 4
34 43 5
34 44 5
34 46 5
34 48 4
34 60 5
34 61 5
34 62 2
34 67 5
34 73 5
34 74 3
34 77 5
34 80 5
34 83 5
34 84 5
34 90 4
34 94 5
34 95 3
34 97 4
34 98 5
34 102 5
34 105 5
34 106 5
34 107 3
34 108 5
34 109 1
34 113 5
34 115 5
34 116 4
34 117 5
34 118 3
34 119 3
34 121 5
34 124 5
34 125 2
34 131 4
34 134 2
34 135 5
34 138 5
34 139 5
34 140 5
34 142 5
34 147 5
34 152 5
34 155 5
34 156 5
34 157 3
34 159 5
34 161 5
34 163 5
34 164 5
34 165 5
34 167 2
34 168 4
34 169 5
34 171 5
34 172 2
34 174 3
34 175 5
34 177 5
34 178 5
34 183 5
34 184 2
34 188 5
34 190 5
34 197 5
34 199 4
35 37 2
35 39 2
35 40 2
35 42 2
35 43 2
35 44 2
35 46 2
35 48 2
35 60 2
35 61 2
35 62 2
35 67 2
35 73 2
35 74 2
35 77 2
35 80 2
35 83 2
35 84 2
35 90 2
35 94 2
35 95 2
35 97 2
35 98 2
35 102 2
35 105 2
35 106 2
35 107 2
35 108 2
35 109 1
35 113 2
35 115 2
35 116 2
35 117 2
35 118 2
35 119 2
35 121 2
35 124 2
35 125 2
35 131 2
35 134 2
35 135 2
35 138 2
35 139 2
35 140 2
35 142 2
35 147 2
35 152 2
35 155 2
35 156 2
35 157 2
35 159 2
35 161 2
35 163 2
35 164 2
35 165 2
35 167 2
35 168 2
35 169 2
35 171 2
35 172 2
35 174 2
35 175 2
35 177 2
35 178 2
35 183 2
35 184 2
35 188 2
35 190 2
35 197 2
35 199 2
37 41 5
37 45 1
37 47 5
37 49 1
37 50 2
37 51 4
37 52 2
37 54 2
37 55 2
37 56 1
37 57 1
37 59 2
37 64 2
37 65 4
37 66 1
37 68 2
37 69 5
37 71 1
37 75 3
37 78 1
37 79 4
37 82 3
37 85 1
37 86 1
37 87 1
37 89 1
37 91 3
37 92 3
37 93 1
37 96 1
37 99 1
37 100 4
37 101 4
37 103 3
37 110 2
37 111 4
37 112 2
37 114 1
37 120 1
37 123 1
37 126 2
37 127 3
37 128 2
37 129 4
37 130 1
37 132 4
37 133 2
37 136 4
37 137 1
37 141 2
37 143 3
37 144 2
37 145 4
37 146 2
37 148 1
37 149 1
37 150 2
37 151 1
37 153 1
37 158 5
37 160 2
37 162 3
37 166 5
37 170 5
37 173 3
37 176 1
37 180 1
37 181 6
37 182 1
37 185 6
37 186 3
37 189 1
37 191 3
37 192 2
37 193 2
37 195 1
37 196 1
37 198 1
37 200 1
39 41 5
39 45 1
39 47 5
39 49 1
39 50 2
39 51 4
39 52 2
39 54 2
39 55 2
39 56 1
39 57 1
39 59 2
39 64 2
39 65 4
39 66 1
39 68 2
39 69 5
39 71 1
39 75 3
39 78 1
39 79 4
39 82 3
39 85 1
39 86 1
39 87 1
39 89 1
39 91 3
39 92 3
39 93 1
39 96 1
39 99 1
39 100 4
39 101 4
39 103 3
39 110 2
39 111 4
39 112 2
39 114 1
39 120 1
39 123 1
39 126 2
39 127 3
39 128 2
39 129 4
39 130 1
39 132 4
39 133 2
39 136 4
39 137 1
39 141 2
39 143 3
39 144 2
39 145 4
39 146 2
39 148 1
39 149 1
39 150 2
39 151 1
39 153 1
39 158 5
39 160 2
39 162 3
39 166 5
39 170 5
39 173 3
39 176 1
39 180 1
39 181 6
39 182 1
39 185 6
39 186 3
39 189 1
39 191 3
39 192 2
39 193 2
39 195 1
39 196 1
39 198 1
39 200 1
40 41 3
40 45 1
40 47 3
40 49 1
40 50 2
40 51 3
40 52 2
40 54 2
40 55 2
40 56 1
40 57 1
40 59 2
40 64 2
40 65 3
40 66 1
40 68 2
40 69 3
40 71 1
40 75 3
40 78 1
40 79 3
40 82 3
40 85 1
40 86 1
40 87 1
40 89 1
40 91 3
40 92 3
40 93 1
40 96 1
40 99 1
40 100 3
40 101 3
40 103 3
40 110 2
40 111 3
40 112 2
40 114 1
40 120 1
40 123 1
40 126 2
40 127 3
40 128 2
40 129 3
40 130 1
40 132 3
40 133 2
40 136 3
40 137 1
40 141 2
40 143 3
40 144 2
40 145 3
40 146 2
40 148 1
40 149 1
40 150 2
40 151 1
40 153 1
40 158 3
40 160 2
40 162 3
40 166 3
40 170 3
40 173 3
40 176 1
40 180 1
40 181 3
40 182 1
40 185 3
40 186 3
40 189 1
40 191 3
40 192 2
40 193 2
40 195 1
40 196 1
40 198 1
40 200 1
41 42 4
41 43 5
41 44 5
41 46 5
41 48 4
41 60 5
41 61 5
41 62 2
41 67 5
41 73 5
41 74 3
41 77 5
41 80 5
41 83 5
41 84 5
41 90 4
41 94 5
41 95 3
41 97 4
41 98 5
41 102 5
41 105 5
41 106 5
41 107 3
41 108 5
41 109 1
41 113 5
41 115 5
41 116 4
41 117 5
41 118 3
41 119 3
41 121 5
41 124 5
41 125 2
41 131 4
41 134 2
41 135 5
41 138 5
41 139 5
41 140 5
41 142 5
41 147 5
41 152 5
41 155 5
41 156 5
41 157 3
41 159 5
41 161 5
41 163 5
41 164 5
41 165 5
41 167 2
41 168 4
41 169 5
41 171 5
41 172 2
41 174 3
41 175 5
41 177 5
41 178 5
41 183 5
41 184 2
41 188 5
41 190 5
41 197 5
41 199 4
42 45 1
42 47 4
42 49 1
42 50 2
42 51 4
42 52 2
42 54 2
42 55 2
42 56 1
42 57 1
42 59 2
42 64 2
42 65 4
42 66 1
42 68 2
42 69 4
42 71 1
42 75 3
42 78 1
42 79 4
42 82 3
42 85 1
42 86 1
42 87 1
42 89 1
42 91 3
42 92 3
42 93 1
42 96 1
42 99 1
42 100 4
42 101 4
42 103 3
42 110 2
42 111 4
42 112 2
42 114 1
42 120 1
42 123 1
42 126 2
42 127 3
42 128 2
42 129 4
42 130 1
42 132 4
42 133 2
42 136 4
42 137 1
42 141 2
42 143 3
42 144 2
42 145 4
42 146 2
42 148 1
42 149 1
42 150 2
42 151 1
42 153 1
42 158 4
42 160 2
42 162 3
42 166 4
42 170 4
42 173 3
42 176 1
42 180 1
42 181 4
42 182 1
42 185 4
42 186 3
42 189 1
42 191 3
42 192 2
42 193 2
42 195 1
42 196 1
42 198 1
42 200 1
43 45 1
43 47 5
43 49 1
43 50 2
43 51 4
43 52 2
43 54 2
43 55 2
43 56 1
43 57 1
43 59 2
43 64 2
43 65 4
43 66 1
43 68 2
43 69 5
43 71 1
43 75 3
43 78 1
43 79 4
43 82 3
43 85 1
43 86 1
43 87 1
43 89 1
43 91 3
43 92 3
43 93 1
43 96 1
43 99 1
43 100 4
43 101 4
43 103 3
43 110 2
43 111 4
43 112 2
43 114 1
43 120 1
43 123 1
43 126 2
43 127 3
43 128 2
43 129 4
43 130 1
43 132 4
43 133 2
43 136 4
43 137 1
43 141 2
43 143 3
43 144 2
43 145 4
43 146 2
43 148 1
43 149 1
43 150 2
43 151 1
43 153 1
43 158 5
43 160 2
43 162 3
43 166 5
43 170 5
43 173 3
43 176 1
43 180 1
43 181 5
43 182 1
43 185 5
43 186 3
43 189 1
43 191 3
43 192 2
43 193 2
43 195 1
43 196 1
43 198 1
43 200 1
44 45 1
44 47 5
44 49 1
44 50 2
44 51 4
44 52 2
44 54 2
44 55 2
44 56 1
44 57 1
44 59 2
44 64 2
44 65 4
44 66 1
44 68 2
44 69 5
44 71 1
44 75 3
44 78 1
44 79 4
44 82 3
44 85 1
44 86 1
44 87 1
44 89 1
44 91 3
44 92 3
44 93 1
44 96 1
44 99 1
44 100 4
44 101 4
44 103 3
44 110 2
44 111 4
44 112 2
44 114 1
44 120 1
44 123 1
44 126 2
44 127 3
44 128 2
44 129 4
44 130 1
44 132 4
44 133 2
44 136 4
44 137 1
44 141 2
44 143 3
44 144 2
44 145 4
44 146 2
44 148 1
44 149 1
44 150 2
44 151 1
44 153 1
44 158 5
44 160 2
44 162 3
44 166 5
44 170 5
44 173 3
44 176 1
44 180 1
44 181 5
44 182 1
44 185 5
44 186 3
44 189 1
44 191 3
44 192 2
44 193 2
44 195 1
44 196 1
44 198 1
44 200 1
45 46 1
45 48 1
45 60 1
45 61 1
45 62 1
45 67 1
45 73 1
45 74 1
45 77 1
45 80 1
45 83 1
45 84 1
45 90 1
45 94 1
45 95 1
45 97 1
45 98 1
45 102 1
45 105 1
45 106 1
45 107 1
45 108 1
45 109 1
45 113 1
45 115 1
45 116 1
45 117 1
45 118 1
45 119 1
45 121 1
45 124 1
45 125 1
45 131 1
45 134 1
45 135 1
45 138 1
45 139 1
45 140 1
45 142 1
45 147 1
45 152 1
45 155 1
45 156 1
45 157 1
45 159 1
45 161 1
45 163 1
45 164 1
45 165 1
45 167 1
45 168 1
45 169 1
45 171 1
45 172 1
45 174 1
45 175 1
45 177 1
45 178 1
45 183 1
45 184 1
45 188 1
45 190 1
45 197 1
45 199 1
46 47 5
46 49 1
46 50 2
46 51 4
46 52 2
46 54 2
46 55 2
46 56 1
46 57 1
46 59 2
46 64 2
46 65 4
46 66 1
46 68 2
46 69 5
46 71 1
46 75 3
46 78 1
46 79 4
46 82 3
46 85 1
46 86 1
46 87 1
46 89 1
46 91 3
46 92 3
46 93 1
46 96 1
46 99 1
46 100 4
46 101 4
46 103 3
46 110 2
46 111 4
46 112 2
46 114 1
46 120 1
46 123 1
46 126 2
46 127 3
46 128 2
46 129 4
46 130 1
46 132 4
46 133 2
46 136 4
46 137 1
46 141 2
46 143 3
46 144 2
46 145 4
46 146 2
46 148 1
46 149 1
46 150 2
46 151 1
46 153 1
46 158 5
46 160 2
46 162 3
46 166 5
46 170 5
46 173 3
46 176 1
46 180 1
46 181 6
46 182 1
46 185 6
46 186 3
46 189 1
46 191 3
46 192 2
46 193 2
46 195 1
46 196 1
46 198 1
46 200 1
47 48 4
47 60 5
47 61 5
47 62 2
47 67 5
47 73 5
47 74 3
47 77 5
47 80 5
47 83 5
47 84 5
47 90 4
47 94 5
47 95 3
47 97 4
47 98 5
47 102 5
47 105 5
47 106 5
47 107 3
47 108 5
47 109 1
47 113 5
47 115 5
47 116 4
47 117 5
47 118 3
47 119 3
47 121 5
47 124 5
47 125 2
47 131 4
47 134 2
47 135 5
47 138 5
47 139 5
47 140 5
47 142 5
47 147 5
47 152 5
47 155 5
47 156 5
47 157 3
47 159 5
47 161 5
47 163 5
47 164 5
47 165 5
47 167 2
47 168 4
47 169 5
47 171 5
47 172 2
47 174 3
47 175 5
47 177 5
47 178 5
47 183 5
47 184 2
47 188 5
47 190 5
47 197 5
47 199 4
48 49 1
48 50 2
48 51 4
48 52 2
48 54 2
48 55 2
48 56 1
48 57 1
48 59 2
48 64 2
48 65 4
48 66 1
48 68 2
48 69 4
48 71 1
48 75 3
48 78 1
48 79 4
48 82 3
48 85 1
48 86 1
48 87 1
48 89 1
48 91 3
48 92 3
48 93 1
48 96 1
48 99 1
48 100 4
48 101 4
48 103 3
48 110 2
48 111 4
48 112 2
48 114 1
48 120 1
48 123 1
48 126 2
48 127 3
48 128 2
48 129 4
48 130 1
48 132 4
48 133 2
48 136 4
48 137 1
48 141 2
48 143 3
48 144 2
48 145 4
48 146 2
48 148 1
48 149 1
48 150 2
48 151 1
48 153 1
48 158 4
48 160 2
48 162 3
48 166 4
48 170 4
48 173 3
48 176 1
48 180 1
48 181 4
48 182 1
48 185 4
48 186 3
48 189 1
48 191 3
48 192 2
48 193 2
48 195 1
48 196 1
48 198 1
48 200 1
49 60 1
49 61 1
49 62 1
49 67 1
49 73 1
49 74 1
49 77 1
49 80 1
49 83 1
49 84 1
49 90 1
49 94 1
49 95 1
49 97 1
49 98 1
49 102 1
49 105 1
49 106 1
49 107 1
49 108 1
49 109 1
49 113 1
49 115 1
49 116 1
49 117 1
49 118 1
49 119 1
49 121 1
49 124 1
49 125 1
49 131 1
49 134 1
49 135 1
49 138 1
49 139 1
49 140 1
49 142 1
49 147 1
49 152 1
49 155 1
49 156 1
49 157 1
49 159 1
49 161 1
49 163 1
49 164 1
49 165 1
49 167 1
49 168 1
49 169 1
49 171 1
49 172 1
49 174 1
49 175 1
49 177 1
49 178 1
49 183 1
49 184 1
49 188 1
49 190 1
49 197 1
49 199 1
50 60 2
50 61 2
50 62 2
50 67 2
50 73 2
50 74 2
50 77 2
50 80 2
50 83 2
50 84 2
50 90 2
50 94 2
50 95 2
50 97 2
50 98 2
50 102 2
50 105 2
50 106 2
50 107 2
50 108 2
50 109 1
50 113 2
50 115 2
50 116 2
50 117 2
50 118 2
50 119 2
50 121 2
50 124 2
50 125 2
50 131 2
50 134 2
50 135 2
50 138 2
50 139 2
50 140 2
50 142 2
50 147 2
50 152 2
50 155 2
50 156 2
50 157 2
50 159 2
50 161 2
50 163 2
50 164 2
50 165 2
50 167 2
50 168 2
50 169 2
50 171 2
50 172 2
50 174 2
50 175 2
50 177 2
50 178 2
50 183 2
50 184 2
50 188 2
50 190 2
50 197 2
50 199 2
51 60 4
51 61 4
51 62 2
51 67 4
51 73 4
51 74 3
51 77 4
51 80 4
51 83 4
51 84 4
51 90 4
51 94 4
51 95 3
51 97 4
51 98 4
51 102 4
51 105 4
51 106 4
51 107 3
51 108 4
51 109 1
51 113 4
51 115 4
51 116 4
51 117 4
51 118 3
51 119 3
51 121 4
51 124 4
51 125 2
51 131 4
51 134 2
51 135 4
51 138 4
51 139 4
51 140 4
51 142 4
51 147 4
51 152 4
51 155 4
51 156 4
51 157 3
51 159 4
51 161 4
51 163 4
51 164 4
51 165 4
51 167 2
51 168 4
51 169 4
51 171 4
51 172 2
51 174 3
51 175 4
51 177 4
51 178 4
51 183 4
51 184 2
51 188 4
51 190 4
51 197 4
51 199 4
52 60 2
52 61 2
52 62 2
52 67 2
52 73 2
52 74 2
52 77 2
52 80 2
52 83 2
52 84 2
52 90 2
52 94 2
52 95 2
52 97 2
52 98 2
52 102 2
52 105 2
52 106 2
52 107 2
52 108 2
52 109 1
52 113 2
52 115 2
52 116 2
52 117 2
52 118 2
52 119 2
52 121 2
52 124 2
52 125 2
52 131 2
52 134 2
52 135 2
52 138 2
52 139 2
52 140 2
52 142 2
52 147 2
52 152 2
52 155 2
52 156 2
52 157 2
52 159 2
52 161 2
52 163 2
52 164 2
52 165 2
52 167 2
52 168 2
52 169 2
52 171 2
52 172 2
52 174 2
52 175 2
52 177 2
52 178 2
52 183 2
52 184 2
52 188 2
52 190 2
52 197 2
52 199 2
54 60 2
54 61 2
54 62 2
54 67 2
54 73 2
54 74 2
54 77 2
54 80 2
54 83 2
54 84 2
54 90 2
54 94 2
54 95 2
54 97 2
54 98 2
54 102 2
54 105 2
54 106 2
54 107 2
54 108 2
54 109 1
54 113 2
54 115 2
54 116 2
54 117 2
54 118 2
54 119 2
54 121 2
54 124 2
54 125 2
54 131 2
54 134 2
54 135 2
54 138 2
54 139 2
54 140 2
54 142 2
54 147 2
54 152 2
54 155 2
54 156 2
54 157 2
54 159 2
54 161 2
54 163 2
54 164 2
54 165 2
54 167 2
54 168 2
54 169 2
54 171 2
54 172 2
54 174 2
54 175 2
54 177 2
54 178 2
54 183 2
54 184 2
54 188 2
54 190 2
54 197 2
54 199 2
55 60 2
55 61 2
55 62 2
55 67 2
55 73 2
55 74 2
55 77 2
55 80 2
55 83 2
55 84 2
55 90 2
55 94 2
55 95 2
55 97 2
55 98 2
55 102 2
55 105 2
55 106 2
55 107 2
55 108 2
55 109 1
55 113 2
55 115 2
55 116 2
55 117 2
55 118 2
55 119 2
55 121 2
55 124 2
55 125 2
55 131 2
55 134 2
55 135 2
55 138 2
55 139 2
55 140 2
55 142 2
55 147 2
55 152 2
55 155 2
55 156 2
55 157 2
55 159 2
55 161 2
55 163 2
55 164 2
55 165 2
55 167 2
55 168 2
55 169 2
55 171 2
55 172 2
55 174 2
55 175 2
55 177 2
55 178 2
55 183 2
55 184 2
55 188 2
55 190 2
55 197 2
55 199 2
56 60 1
56 61 1
56 62 1
56 67 1
56 73 1
56 74 1
56 77 1
56 80 1
56 83 1
56 84 1
56 90 1
56 94 1
56 95 1
56 97 1
56 98 1
56 102 1
56 105 1
56 106 1
56 107 1
56 108 1
56 109 1
56 113 1
56 115 1
56 116 1
56 117 1
56 118 1
56 119 1
56 121 1
56 124 1
56 125 1
56 131 1
56 134 1
56 135 1
56 138 1
56 139 1
56 140 1
56 142 1
56 147 1
56 152 1
56 155 1
56 156 1
56 157 1
56 159 1
56 161 1
56 163 1
56 164 1
56 165 1
56 167 1
56 168 1
56 169 1
56 171 1
56 172 1
56 174 1
56 175 1
56 177 1
56 178 1
56 183 1
56 184 1
56 188 1
56 190 1
56 197 1
56 199 1
57 60 1
57 61 1
57 62 1
57 67 1
57 73 1
57 74 1
57 77 1
57 80 1
57 83 1
57 84 1
57 90 1
57 94 1
57 95 1
57 97 1
57 98 1
57 102 1
57 105 1
57 106 1
57 107 1
57 108 1
57 109 1
57 113 1
57 115 1
57 116 1
57 117 1
57 118 1
57 119 1
57 121 1
57 124 1
57 125 1
57 131 1
57 134 1
57 135 1
57 138 1
57 139 1
57 140 1
57 142 1
57 147 1
57 152 1
57 155 1
57 156 1
57 157 1
57 159 1
57 161 1
57 163 1
57 164 1
57 165 1
57 167 1
57 168 1
57 169 1
57 171 1
57 172 1
57 174 1
57 175 1
57 177 1
57 178 1
57 183 1
57 184 1
57 188 1
57 190 1
57 197 1
57 199 1
59 60 2
59 61 2
59 62 2
59 67 2
59 73 2
59 74 2
59 77 2
59 80 2
59 83 2
59 84 2
59 90 2
59 94 2
59 95 2
59 97 2
59 98 2
59 102 2
59 105 2
59 106 2
59 107 2
59 108 2
59 109 1
59 113 2
59 115 2
59 116 2
59 117 2
59 118 2
59 119 2
59 121 2
59 124 2
59 125 2
59 131 2
59 134 2
59 135 2
59 138 2
59 139 2
59 140 2
59 142 2
59 147 2
59 152 2
59 155 2
59 156 2
59 157 2
59 159 2
59 161 2
59 163 2
59 164 2
59 165 2
59 167 2
59 168 2
59 169 2
59 171 2
59 172 2
59 174 2
59 175 2
59 177 2
59 178 2
59 183 2
59 184 2
59 188 2
59 190 2
59 197 2
59 199 2
60 64 2
60 65 4
60 66 1
60 68 2
60 69 5
60 71 1
60 75 3
60 78 1
60 79 4
60 82 3
60 85 1
60 86 1
60 87 1
60 89 1
60 91 3
60 92 3
60 93 1
60 96 1
60 99 1
60 100 4
60 101 4
60 103 3
60 110 2
60 111 4
60 112 2
60 114 1
60 120 1
60 123 1
60 126 2
60 127 3
60 128 2
60 129 4
60 130 1
60 132 4
60 133 2
60 136 4
60 137 1
60 141 2
60 143 3
60 144 2
60 145 4
60 146 2
60 148 1
60 149 1
60 150 2
60 151 1
60 153 1
60 158 5
60 160 2
60 162 3
60 166 5
60 170 5
60 173 3
60 176 1
60 180 1
60 181 6
60 182 1
60 185 6
60 186 3
60 189 1
60 191 3
60 192 2
60 193 2
60 195 1
60 196 1
60 198 1
60 200 1
61 64 2
61 65 4
61 66 1
61 68 2
61 69 5
61 71 1
61 75 3
61 78 1
61 79 4
61 82 3
61 85 1
61 86 1
61 87 1
61 89 1
61 91 3
61 92 3
61 93 1
61 96 1
61 99 1
61 100 4
61 101 4
61 103 3
61 110 2
61 111 4
61 112 2
61 114 1
61 120 1
61 123 1
61 126 2
61 127 3
61 128 2
61 129 4
61 130 1
61 132 4
61 133 2
61 136 4
61 137 1
61 141 2
61 143 3
61 144 2
61 145 4
61 146 2
61 148 1
61 149 1
61 150 2
61 151 1
61 153 1
61 158 5
61 160 2
61 162 3
61 166 5
61 170 5
61 173 3
61 176 1
61 180 1
61 181 5
61 182 1
61 185 5
61 186 3
61 189 1
61 191 3
61 192 2
61 193 2
61 195 1
61 196 1
61 198 1
61 200 1
62 64 2
62 65 2
62 66 1
62 68 2
62 69 2
62 71 1
62 75 2
62 78 1
62 79 2
62 82 2
62 85 1
62 86 1
62 87 1
62 89 1
62 91 2
62 92 2
62 93 1
62 96 1
62 99 1
62 100 2
62 101 2
62 103 2
62 110 2
62 111 2
62 112 2
62 114 1
62 120 1
62 123 1
62 126 2
62 127 2
62 128 2
62 129 2
62 130 1
62 132 2
62 133 2
62 136 2
62 137 1
62 141 2
62 143 2
62 144 2
62 145 2
62 146 2
62 148 1
62 149 1
62 150 2
62 151 1
62 153 1
62 158 2
62 160 2
62 162 2
62 166 2
62 170 2
62 173 2
62 176 1
62 180 1
62 181 2
62 182 1
62 185 2
62 186 2
62 189 1
62 191 2
62 192 2
62 193 2
62 195 1
62 196 1
62 198 1
62 200 1
64 67 2
64 73 2
64 74 2
64 77 2
64 80 2
64 83 2
64 84 2
64 90 2
64 94 2
64 95 2
64 97 2
64 98 2
64 102 2
64 105 2
64 106 2
64 107 2
64 108 2
64 109 1
64 113 2
64 115 2
64 116 2
64 117 2
64 118 2
64 119 2
64 121 2
64 124 2
64 125 2
64 131 2
64 134 2
64 135 2
64 138 2
64 139 2
64 140 2
64 142 2
64 147 2
64 152 2
64 155 2
64 156 2
64 157 2
64 159 2
64 161 2
64 163 2
64 164 2
64 165 2
64 167 2
64 168 2
64 169 2
64 171 2
64 172 2
64 174 2
64 175 2
64 177 2
64 178 2
64 183 2
64 184 2
64 188 2
64 190 2
64 197 2
64 199 2
65 67 4
65 73 4
65 74 3
65 77 4
65 80 4
65 83 4
65 84 4
65 90 4
65 94 4
65 95 3
65 97 4
65 98 4
65 102 4
65 105 4
65 106 4
65 107 3
65 108 4
65 109 1
65 113 4
65 115 4
65 116 4
65 117 4
65 118 3
65 119 3
65 121 4
65 124 4
65 125 2
65 131 4
65 134 2
65 135 4
65 138 4
65 139 4
65 140 4
65 142 4
65 147 4
65 152 4
65 155 4
65 156 4
65 157 3
65 159 4
65 161 4
65 163 4
65 164 4
65 165 4
65 167 2
65 168 4
65 169 4
65 171 4
65 172 2
65 174 3
65 175 4
65 177 4
65 178 4
65 183 4
65 184 2
65 188 4
65 190 4
65 197 4
65 199 4
66 67 1
66 73 1
66 74 1
66 77 1
66 80 1
66 83 1
66 84 1
66 90 1
66 94 1
66 95 1
66 97 1
66 98 1
66 102 1
66 105 1
66 106 1
66 107 1
66 108 1
66 109 1
66 113 1
66 115 1
66 116 1
66 117 1
66 118 1
66 119 1
66 121 1
66 124 1
66 125 1
66 131 1
66 134 1
66 135 1
66 138 1
66 139 1
66 140 1
66 142 1
66 147 1
66 152 1
66 155 1
66 156 1
66 157 1
66 159 1
66 161 1
66 163 1
66 164 1
66 165 1
66 167 1
66 168 1
66 169 1
66 171 1
66 172 1
66 174 1
66 175 1
66 177 1
66 178 1
66 183 1
66 184 1
66 188 1
66 190 1
66 197 1
66 199 1
67 68 2
67 69 5
67 71 1
67 75 3
67 78 1
67 79 4
67 82 3
67 85 1
67 86 1
67 87 1
67 89 1
67 91 3
67 92 3
67 93 1
67 96 1
67 99 1
67 100 4
67 101 4
67 103 3
67 110 2
67 111 4
67 112 2
67 114 1
67 120 1
67 123 1
67 126 2
67 127 3
67 128 2
67 129 4
67 130 1
67 132 4
67 133 2
67 136 4
67 137 1
67 141 2
67 143 3
67 144 2
67 145 4
67 146 2
67 148 1
67 149 1
67 150 2
67 151 1
67 153 1
67 158 5
67 160 2
67 162 3
67 166 5
67 170 5
67 173 3
67 176 1
67 180 1
67 181 5
67 182 1
67 185 5
67 186 3
67 189 1
67 191 3
67 192 2
67 193 2
67 195 1
67 196 1
67 198 1
67 200 1
68 73 2
68 74 2
68 77 2
68 80 2
68 83 2
68 84 2
68 90 2
68 94 2
68 95 2
68 97 2
68 98 2
68 102 2
68 105 2
68 106 2
68 107 2
68 108 2
68 109 1
68 113 2
68 115 2
68 116 2
68 117 2
68 118 2
68 119 2
68 121 2
68 124 2
68 125 2
68 131 2
68 134 2
68 135 2
68 138 2
68 139 2
68 140 2
68 142 2
68 147 2
68 152 2
68 155 2
68 156 2
68 157 2
68 159 2
68 161 2
68 163 2
68 164 2
68 165 2
68 167 2
68 168 2
68 169 2
68 171 2
68 172 2
68 174 2
68 175 2
68 177 2
68 178 2
68 183 2
68 184 2
68 188 2
68 190 2
68 197 2
68 199 2
69 73 5
69 74 3
69 77 5
69 80 5
69 83 5
69 84 5
69 90 4
69 94 5
69 95 3
69 97 4
69 98 5
69 102 5
69 105 5
69 106 5
69 107 3
69 108 5
69 109 1
69 113 5
69 115 5
69 116 4
69 117 5
69 118 3
69 119 3
69 121 5
69 124 5
69 125 2
69 131 4
69 134 2
69 135 5
69 138 5
69 139 5
69 140 5
69 142 5
69 147 5
69 152 5
69 155 5
69 156 5
69 157 3
69 159 5
69 161 5
69 163 5
69 164 5
69 165 5
69 167 2
69 168 4
69 169 5
69 171 5
69 172 2
69 174 3
69 175 5
69 177 5
69 178 5
69 183 5
69 184 2
69 188 5
69 190 5
69 197 5
69 199 4
71 73 1
71 74 1
71 77 1
71 80 1
71 83 1
71 84 1
71 90 1
71 94 1
71 95 1
71 97 1
71 98 1
71 102 1
71 105 1
71 106 1
71 107 1
71 108 1
71 109 1
71 113 1
71 115 1
71 116 1
71 117 1
71 118 1
71 119 1
71 121 1
71 124 1
71 125 1
71 131 1
71 134 1
71 135 1
71 138 1
71 139 1
71 140 1
71 142 1
71 147 1
71 152 1
71 155 1
71 156 1
71 157 1
71 159 1
71 161 1
71 163 1
71 164 1
71 165 1
71 167 1
71 168 1
71 169 1
71 171 1
71 172 1
71 174 1
71 175 1
71 177 1
71 178 1
71 183 1
71 184 1
71 188 1
71 190 1
71 197 1
71 199 1
73 75 3
73 78 1
73 79 4
73 82 3
73 85 1
73 86 1
73 87 1
73 89 1
73 91 3
73 92 3
73 93 1
73 96 1
73 99 1
73 100 4
73 101 4
73 103 3
73 110 2
73 111 4
73 112 2
73 114 1
73 120 1
73 123 1
73 126 2
73 127 3
73 128 2
73 129 4
73 130 1
73 132 4
73 133 2
73 136 4
73 137 1
73 141 2
73 143 3
73 144 2
73 145 4
73 146 2
73 148 1
73 149 1
73 150 2
73 151 1
73 153 1
73 158 5
73 160 2
73 162 3
73 166 5
73 170 5
73 173 3
73 176 1
73 180 1
73 181 6
73 182 1
73 185 6
73 186 3
73 189 1
73 191 3
73 192 2
73 193 2
73 195 1
73 196 1
73 198 1
73 200 1
74 75 3
74 78 1
74 79 3
74 82 3
74 85 1
74 86 1
74 87 1
74 89 1
74 91 3
74 92 3
74 93 1
74 96 1
74 99 1
74 100 3
74 101 3
74 103 3
74 110 2
74 111 3
74 112 2
74 114 1
74 120 1
74 123 1
74 126 2
74 127 3
74 128 2
74 129 3
74 130 1
74 132 3
74 133 2
74 136 3
74 137 1
74 141 2
74 143 3
74 144 2
74 145 3
74 146 2
74 148 1
74 149 1
74 150 2
74 151 1
74 153 1
74 158 3
74 160 2
74 162 3
74 166 3
74 170 3
74 173 3
74 176 1
74 180 1
74 181 3
74 182 1
74 185 3
74 186 3
74 189 1
74 191 3
74 192 2
74 193 2
74 195 1
74 196 1
74 198 1
74 200 1
75 77 3
75 80 3
75 83 3
75 84 3
75 90 3
75 94 3
75 95 3
75 97 3
75 98 3
75 102 3
75 105 3
75 106 3
75 107 3
75 108 3
75 109 1
75 113 3
75 115 3
75 116 3
75 117 3
75 118 3
75 119 3
75 121 3
75 124 3
75 125 2
75 131 3
75 134 2
75 135 3
75 138 3
75 139 3
75 140 3
75 142 3
75 147 3
75 152 3
75 155 3
75 156 3
75 157 3
75 159 3
75 161 3
75 163 3
75 164 3
75 165 3
75 167 2
75 168 3
75 169 3
75 171 3
75 172 2
75 174 3
75 175 3
75 177 3
75 178 3
75 183 3
75 184 2
75 188 3
75 190 3
75 197 3
75 199 3
77 78 1
77 79 4
77 82 3
77 85 1
77 86 1
77 87 1
77 89 1
77 91 3
77 92 3
77 93 1
77 96 1
77 99 1
77 100 4
77 101 4
77 103 3
77 110 2
77 111 4
77 112 2
77 114 1
77 120 1
77 123 1
77 126 2
77 127 3
77 128 2
77 129 4
77 130 1
77 132 4
77 133 2
77 136 4
77 137 1
77 141 2
77 143 3
77 144 2
77 145 4
77 146 2
77 148 1
77 149 1
77 150 2
77 151 1
77 153 1
77 158 5
77 160 2
77 162 3
77 166 5
77 170 5
77 173 3
77 176 1
77 180 1
77 181 5
77 182 1
77 185 5
77 186 3
77 189 1
77 191 3
77 192 2
77 193 2
77 195 1
77 196 1
77 198 1
77 200 1
78 80 1
78 83 1
78 84 1
78 90 1
78 94 1
78 95 1
78 97 1
78 98 1
78 102 1
78 105 1
78 106 1
78 107 1
78 108 1
78 109 1
78 113 1
78 115 1
78 116 1
78 117 1
78 118 1
78 119 1
78 121 1
78 124 1
78 125 1
78 131 1
78 134 1
78 135 1
78 138 1
78 139 1
78 140 1
78 142 1
78 147 1
78 152 1
78 155 1
78 156 1
78 157 1
78 159 1
78 161 1
78 163 1
78 164 1
78 165 1
78 167 1
78 168 1
78 169 1
78 171 1
78 172 1
78 174 1
78 175 1
78 177 1
78 178 1
78 183 1
78 184 1
78 188 1
78 190 1
78 197 1
78 199 1
79 80 4
79 83 4
79 84 4
79 90 4
79 94 4
79 95 3
79 97 4
79 98 4
79 102 4
79 105 4
79 106 4
79 107 3
79 108 4
79 109 1
79 113 4
79 115 4
79 116 4
79 117 4
79 118 3
79 119 3
79 121 4
79 124 4
79 125 2
79 131 4
79 134 2
79 135 4
79 138 4
79 139 4
79 140 4
79 142 4
79 147 4
79 152 4
79 155 4
79 156 4
79 157 3
79 159 4
79 161 4
79 163 4
79 164 4
79 165 4
79 167 2
79 168 4
79 169 4
79 171 4
79 172 2
79 174 3
79 175 4
79 177 4
79 178 4
79 183 4
79 184 2
79 188 4
79 190 4
79 197 4
79 199 4
80 82 3
80 85 1
80 86 1
80 87 1
80 89 1
80 91 3
80 92 3
80 93 1
80 96 1
80 99 1
80 100 4
80 101 4
80 103 3
80 110 2
80 111 4
80 112 2
80 114 1
80 120 1
80 123 1
80 126 2
80 127 3
80 128 2
80 129 4
80 130 1
80 132 4
80 133 2
80 136 4
80 137 1
80 141 2
80 143 3
80 144 2
80 145 4
80 146 2
80 148 1
80 149 1
80 150 2
80 151 1
80 153 1
80 158 5
80 160 2
80 162 3
80 166 5
80 170 5
80 173 3
80 176 1
80 180 1
80 181 6
80 182 1
80 185 6
80 186 3
80 189 1
80 191 3
80 192 2
80 193 2
80 195 1
80 196 1
80 198 1
80 200 1
82 83 3
82 84 3
82 90 3
82 94 3
82 95 3
82 97 3
82 98 3
82 102 3
82 105 3
82 106 3
82 107 3
82 108 3
82 109 1
82 113 3
82 115 3
82 116 3
82 117 3
82 118 3
82 119 3
82 121 3
82 124 3
82 125 2
82 131 3
82 134 2
82 135 3
82 138 3
82 139 3
82 140 3
82 142 3
82 147 3
82 152 3
82 155 3
82 156 3
82 157 3
82 159 3
82 161 3
82 163 3
82 164 3
82 165 3
82 167 2
82 168 3
82 169 3
82 171 3
82 172 2
82 174 3
82 175 3
82 177 3
82 178 3
82 183 3
82 184 2
82 188 3
82 190 3
82 197 3
82 199 3
83 85 1
83 86 1
83 87 1
83 89 1
83 91 3
83 92 3
83 93 1
83 96 1
83 99 1
83 100 4
83 101 4
83 103 3
83 110 2
83 111 4
83 112 2
83 114 1
83 120 1
83 123 1
83 126 2
83 127 3
83 128 2
83 129 4
83 130 1
83 132 4
83 133 2
83 136 4
83 137 1
83 141 2
83 143 3
83 144 2
83 145 4
83 146 2
83 148 1
83 149 1
83 150 2
83 151 1
83 153 1
83 158 5
83 160 2
83 162 3
83 166 5
83 170 5
83 173 3
83 176 1
83 180 1
83 181 6
83 182 1
83 185 6
83 186 3
83 189 1
83 191 3
83 192 2
83 193 2
83 195 1
83 196 1
83 198 1
83 200 1
84 85 1
84 86 1
84 87 1
84 89 1
84 91 3
84 92 3
84 93 1
84 96 1
84 99 1
84 100 4
84 101 4
84 103 3
84 110 2
84 111 4
84 112 2
84 114 1
84 120 1
84 123 1
84 126 2
84 127 3
84 128 2
84 129 4
84 130 1
84 132 4
84 133 2
84 136 4
84 137 1
84 141 2
84 143 3
84 144 2
84 145 4
84 146 2
84 148 1
84 149 1
84 150 2
84 151 1
84 153 1
84 158 5
84 160 2
84 162 3
84 166 5
84 170 5
84 173 3
84 176 1
84 180 1
84 181 6
84 182 1
84 185 6
84 186 3
84 189 1
84 191 3
84 192 2
84 193 2
84 195 1
84 196 1
84 198 1
84 200 1
85 90 1
85 94 1
85 95 1
85 97 1
85 98 1
85 102 1
85 105 1
85 106 1
85 107 1
85 108 1
85 109 1
85 113 1
85 115 1
85 116 1
85 117 1
85 118 1
85 119 1
85 121 1
85 124 1
85 125 1
85 131 1
85 134 1
85 135 1
85 138 1
85 139 1
85 140 1
85 142 1
85 147 1
85 152 1
85 155 1
85 156 1
85 157 1
85 159 1
85 161 1
85 163 1
85 164 1
85 165 1
85 167 1
85 168 1
85 169 1
85 171 1
85 172 1
85 174 1
85 175 1
85 177 1
85 178 1
85 183 1
85 184 1
85 188 1
85 190 1
85 197 1
85 199 1
86 90 1
86 94 1
86 95 1
86 97 1
86 98 1
86 102 1
86 105 1
86 106 1
86 107 1
86 108 1
86 109 1
86 113 1
86 115 1
86 116 1
86 117 1
86 118 1
86 119 1
86 121 1
86 124 1
86 125 1
86 131 1
86 134 1
86 135 1
86 138 1
86 139 1
86 140 1
86 142 1
86 147 1
86 152 1
86 155 1
86 156 1
86 157 1
86 159 1
86 161 1
86 163 1
86 164 1
86 165 1
86 167 1
86 168 1
86 169 1
86 171 1
86 172 1
86 174 1
86 175 1
86 177 1
86 178 1
86 183 1
86 184 1
86 188 1
86 190 1
86 197 1
86 199 1
87 90 1
87 94 1
87 95 1
87 97 1
87 98 1
87 102 1
87 105 1
87 106 1
87 107 1
87 108 1
87 109 1
87 113 1
87 115 1
87 116 1
87 117 1
87 118 1
87 119 1
87 121 1
87 124 1
87 125 1
87 131 1
87 134 1
87 135 1
87 138 1
87 139 1
87 140 1
87 142 1
87 147 1
87 152 1
87 155 1
87 156 1
87 157 1
87 159 1
87 161 1
87 163 1
87 164 1
87 165 1
87 167 1
87 168 1
87 169 1
87 171 1
87 172 1
87 174 1
87 175 1
87 177 1
87 178 1
87 183 1
87 184 1
87 188 1
87 190 1
87 197 1
87 199 1
89 90 1
89 94 1
89 95 1
89 97 1
89 98 1
89 102 1
89 105 1
89 106 1
89 107 1
89 108 1
89 109 1
89 113 1
89 115 1
89 116 1
89 117 1
89 118 1
89 119 1
89 121 1
89 124 1
89 125 1
89 131 1
89 134 1
89 135 1
89 138 1
89 139 1
89 140 1
89 142 1
89 147 1
89 152 1
89 155 1
89 156 1
89 157 1
89 159 1
89 161 1
89 163 1
89 164 1
89 165 1
89 167 1
89 168 1
89 169 1
89 171 1
89 172 1
89 174 1
89 175 1
89 177 1
89 178 1
89 183 1
89 184 1
89 188 1
89 190 1
89 197 1
89 199 1
90 91 3
90 92 3
90 93 1
90 96 1
90 99 1
90 100 4
90 101 4
90 103 3
90 110 2
90 111 4
90 112 2
90 114 1
90 120 1
90 123 1
90 126 2
90 127 3
90 128 2
90 129 4
90 130 1
90 132 4
90 133 2
90 136 4
90 137 1
90 141 2
90 143 3
90 144 2
90 145 4
90 146 2
90 148 1
90 149 1
90 150 2
90 151 1
90 153 1
90 158 4
90 160 2
90 162 3
90 166 4
90 170 4
90 173 3
90 176 1
90 180 1
90 181 4
90 182 1
90 185 4
90 186 3
90 189 1
90 191 3
90 192 2
90 193 2
90 195 1
90 196 1
90 198 1
90 200 1
91 94 3
91 95 3
91 97 3
91 98 3
91 102 3
91 105 3
91 106 3
91 107 3
91 108 3
91 109 1
91 113 3
91 115 3
91 116 3
91 117 3
91 118 3
91 119 3
91 121 3
91 124 3
91 125 2
91 131 3
91 134 2
91 135 3
91 138 3
91 139 3
91 140 3
91 142 3
91 147 3
91 152 3
91 155 3
91 156 3
91 157 3
91 159 3
91 161 3
91 163 3
91 164 3
91 165 3
91 167 2
91 168 3
91 169 3
91 171 3
91 172 2
91 174 3
91 175 3
91 177 3
91 178 3
91 183 3
91 184 2
91 188 3
91 190 3
91 197 3
91 199 3
92 94 3
92 95 3
92 97 3
92 98 3
92 102 3
92 105 3
92 106 3
92 107 3
92 108 3
92 109 1
92 113 3
92 115 3
92 116 3
92 117 3
92 118 3
92 119 3
92 121 3
92 124 3
92 125 2
92 131 3
92 134 2
92 135 3
92 138 3
92 139 3
92 140 3
92 142 3
92 147 3
92 152 3
92 155 3
92 156 3
92 157 3
92 159 3
92 161 3
92 163 3
92 164 3
92 165 3
92 167 2
92 168 3
92 169 3
92 171 3
92 172 2
92 174 3
92 175 3
92 177 3
92 178 3
92 183 3
92 184 2
92 188 3
92 190 3
92 197 3
92 199 3
93 94 1
93 95 1
93 97 1
93 98 1
93 102 1
93 105 1
93 106 1
93 107 1
93 108 1
93 109 1
93 113 1
93 115 1
93 116 1
93 117 1
93 118 1
93 119 1
93 121 1
93 124 1
93 125 1
93 131 1
93 134 1
93 135 1
93 138 1
93 139 1
93 140 1
93 142 1
93 147 1
93 152 1
93 155 1
93 156 1
93 157 1
93 159 1
93 161 1
93 163 1
93 164 1
93 165 1
93 167 1
93 168 1
93 169 1
93 171 1
93 172 1
93 174 1
93 175 1
93 177 1
93 178 1
93 183 1
93 184 1
93 188 1
93 190 1
93 197 1
93 199 1
94 96 1
94 99 1
94 100 4
94 101 4
94 103 3
94 110 2
94 111 4
94 112 2
94 114 1
94 120 1
94 123 1
94 126 2
94 127 3
94 128 2
94 129 4
94 130 1
94 132 4
94 133 2
94 136 4
94 137 1
94 141 2
94 143 3
94 144 2
94 145 4
94 146 2
94 148 1
94 149 1
94 150 2
94 151 1
94 153 1
94 158 5
94 160 2
94 162 3
94 166 5
94 170 5
94 173 3
94 176 1
94 180 1
94 181 6
94 182 1
94 185 6
94 186 3
94 189 1
94 191 3
94 192 2
94 193 2
94 195 1
94 196 1
94 198 1
94 200 1
95 96 1
95 99 1
95 100 3
95 101 3
95 103 3
95 110 2
95 111 3
95 112 2
95 114 1
95 120 1
95 123 1
95 126 2
95 127 3
95 128 2
95 129 3
95 130 1
95 132 3
95 133 2
95 136 3
95 137 1
95 141 2
95 143 3
95 144 2
95 145 3
95 146 2
95 148 1
95 149 1
95 150 2
95 151 1
95 153 1
95 158 3
95 160 2
95 162 3
95 166 3
95 170 3
95 173 3
95 176 1
95 180 1
95 181 3
95 182 1
95 185 3
95 186 3
95 189 1
95 191 3
95 192 2
95 193 2
95 195 1
95 196 1
95 198 1
95 200 1
96 97 1
96 98 1
96 102 1
96 105 1
96 106 1
96 107 1
96 108 1
96 109 1
96 113 1
96 115 1
96 116 1
96 117 1
96 118 1
96 119 1
96 121 1
96 124 1
96 125 1
96 131 1
96 134 1
96 135 1
96 138 1
96 139 1
96 140 1
96 142 1
96 147 1
96 152 1
96 155 1
96 156 1
96 157 1
96 159 1
96 161 1
96 163 1
96 164 1
96 165 1
96 167 1
96 168 1
96 169 1
96 171 1
96 172 1
96 174 1
96 175 1
96 177 1
96 178 1
96 183 1
96 184 1
96 188 1
96 190 1
96 197 1
96 199 1
97 99 1
97 100 4
97 101 4
97 103 3
97 110 2
97 111 4
97 112 2
97 114 1
97 120 1
97 123 1
97 126 2
97 127 3
97 128 2
97 129 4
97 130 1
97 132 4
97 133 2
97 136 4
97 137 1
97 141 2
97 143 3
97 144 2
97 145 4
97 146 2
97 148 1
97 149 1
97 150 2
97 151 1
97 153 1
97 158 4
97 160 2
97 162 3
97 166 4
97 170 4
97 173 3
97 176 1
97 180 1
97 181 4
97 182 1
97 185 4
97 186 3
97 189 1
97 191 3
97 192 2
97 193 2
97 195 1
97 196 1
97 198 1
97 200 1
98 99 1
98 100 4
98 101 4
98 103 3
98 110 2
98 111 4
98 112 2
98 114 1
98 120 1
98 123 1
98 126 2
98 127 3
98 128 2
98 129 4
98 130 1
98 132 4
98 133 2
98 136 4
98 137 1
98 141 2
98 143 3
98 144 2
98 145 4
98 146 2
98 148 1
98 149 1
98 150 2
98 151 1
98 153 1
98 158 5
98 160 2
98 162 3
98 166 5
98 170 5
98 173 3
98 176 1
98 180 1
98 181 6
98 182 1
98 185 6
98 186 3
98 189 1
98 191 3
98 192 2
98 193 2
98 195 1
98 196 1
98 198 1
98 200 1
99 102 1
99 105 1
99 106 1
99 107 1
99 108 1
99 109 1
99 113 1
99 115 1
99 116 1
99 117 1
99 118 1
99 119 1
99 121 1
99 124 1
99 125 1
99 131 1
99 134 1
99 135 1
99 138 1
99 139 1
99 140 1
99 142 1
99 147 1
99 152 1
99 155 1
99 156 1
99 157 1
99 159 1
99 161 1
99 163 1
99 164 1
99 165 1
99 167 1
99 168 1
99 169 1
99 171 1
99 172 1
99 174 1
99 175 1
99 177 1
99 178 1
99 183 1
99 184 1
99 188 1
99 190 1
99 197 1
99 199 1
100 102 4
100 105 4
100 106 4
100 107 3
100 108 4
100 109 1
100 113 4
100 115 4
100 116 4
100 117 4
100 118 3
100 119 3
100 121 4
100 124 4
100 125 2
100 131 4
100 134 2
100 135 4
100 138 4
100 139 4
100 140 4
100 142 4
100 147 4
100 152 4
100 155 4
100 156 4
100 157 3
100 159 4
100 161 4
100 163 4
100 164 4
100 165 4
100 167 2
100 168 4
100 169 4
100 171 4
100 172 2
100 174 3
100 175 4
100 177 4
100 178 4
100 183 4
100 184 2
100 188 4
100 190 4
100 197 4
100 199 4
101 102 4
101 105 4
101 106 4
101 107 3
101 108 4
101 109 1
101 113 4
101 115 4
101 116 4
101 117 4
101 118 3
101 119 3
101 121 4
101 124 4
101 125 2
101 131 4
101 134 2
101 135 4
101 138 4
101 139 4
101 140 4
101 142 4
101 147 4
101 152 4
101 155 4
101 156 4
101 157 3
101 159 4
101 161 4
101 163 4
101 164 4
101 165 4
101 167 2
101 168 4
101 169 4
101 171 4
101 172 2
101 174 3
101 175 4
101 177 4
101 178 4
101 183 4
101 184 2
101 188 4
101 190 4
101 197 4
101 199 4
102 103 3
102 110 2
102 111 4
102 112 2
102 114 1
102 120 1
102 123 1
102 126 2
102 127 3
102 128 2
102 129 4
102 130 1
102 132 4
102 133 2
102 136 4
102 137 1
102 141 2
102 143 3
102 144 2
102 145 4
102 146 2
102 148 1
102 149 1
102 150 2
102 151 1
102 153 1
102 158 5
102 160 2
102 162 3
102 166 5
102 170 5
102 173 3
102 176 1
102 180 1
102 181 6
102 182 1
102 185 6
102 186 3
102 189 1
102 191 3
102 192 2
102 193 2
102 195 1
102 196 1
102 198 1
102 200 1
103 105 3
103 106 3
103 107 3
103 108 3
103 109 1
103 113 3
103 115 3
103 116 3
103 117 3
103 118 3
103 119 3
103 121 3
103 124 3
103 125 2
103 131 3
103 134 2
103 135 3
103 138 3
103 139 3
103 140 3
103 142 3
103 147 3
103 152 3
103 155 3
103 156 3
103 157 3
103 159 3
103 161 3
103 163 3
103 164 3
103 165 3
103 167 2
103 168 3
103 169 3
103 171 3
103 172 2
103 174 3
103 175 3
103 177 3
103 178 3
103 183 3
103 184 2
103 188 3
103 190 3
103 197 3
103 199 3
105 110 2
105 111 4
105 112 2
105 114 1
105 120 1
105 123 1
105 126 2
105 127 3
105 128 2
105 129 4
105 130 1
105 132 4
105 133 2
105 136 4
105 137 1
105 141 2
105 143 3
105 144 2
105 145 4
105 146 2
105 148 1
105 149 1
105 150 2
105 151 1
105 153 1
105 158 5
105 160 2
105 162 3
105 166 5
105 170 5
105 173 3
105 176 1
105 180 1
105 181 6
105 182 1
105 185 6
105 186 3
105 189 1
105 191 3
105 192 2
105 193 2
105 195 1
105 196 1
105 198 1
105 200 1
106 110 2
106 111 4
106 112 2
106 114 1
106 120 1
106 123 1
106 126 2
106 127 3
106 128 2
106 129 4
106 130 1
106 132 4
106 133 2
106 136 4
106 137 1
106 141 2
106 143 3
106 144 2
106 145 4
106 146 2
106 148 1
106 149 1
106 150 2
106 151 1
106 153 1
106 158 5
106 160 2
106 162 3
106 166 5
106 170 5
106 173 3
106 176 1
106 180 1
106 181 6
106 182 1
106 185 6
106 186 3
106 189 1
106 191 3
106 192 2
106 193 2
106 195 1
106 196 1
106 198 1
106 200 1
107 110 2
107 111 3
107 112 2
107 114 1
107 120 1
107 123 1
107 126 2
107 127 3
107 128 2
107 129 3
107 130 1
107 132 3
107 133 2
107 136 3
107 137 1
107 141 2
107 143 3
107 144 2
107 145 3
107 146 2
107 148 1
107 149 1
107 150 2
107 151 1
107 153 1
107 158 3
107 160 2
107 162 3
107 166 3
107 170 3
107 173 3
107 176 1
107 180 1
107 181 3
107 182 1
107 185 3
107 186 3
107 189 1
107 191 3
107 192 2
107 193 2
107 195 1
107 196 1
107 198 1
107 200 1
108 110 2
108 111 4
108 112 2
108 114 1
108 120 1
108 123 1
108 126 2
108 127 3
108 128 2
108 129 4
108 130 1
108 132 4
108 133 2
108 136 4
108 137 1
108 141 2
108 143 3
108 144 2
108 145 4
108 146 2
108 148 1
108 149 1
108 150 2
108 151 1
108 153 1
108 158 5
108 160 2
108 162 3
108 166 5
108 170 5
108 173 3
108 176 1
108 180 1
108 181 6
108 182 1
108 185 6
108 186 3
108 189 1
108 191 3
108 192 2
108 193 2
108 195 1
108 196 1
108 198 1
108 200 1
109 110 1
109 111 1
109 112 1
109 114 1
109 120 1
109 123 1
109 126 1
109 127 1
109 128 1
109 129 1
109 130 1
109 132 1
109 133 1
109 136 1
109 137 1
109 141 1
109 143 1
109 144 1
109 145 1
109 146 1
109 148 1
109 149 1
109 150 1
109 151 1
109 153 1
109 158 1
109 160 1
109 162 1
109 166 1
109 170 1
109 173 1
109 176 1
109 180 1
109 181 1
109 182 1
109 185 1
109 186 1
109 189 1
109 191 1
109 192 1
109 193 1
109 195 1
109 196 1
109 198 1
109 200 1
110 113 2
110 115 2
110 116 2
110 117 2
110 118 2
110 119 2
110 121 2
110 124 2
110 125 2
110 131 2
110 134 2
110 135 2
110 138 2
110 139 2
110 140 2
110 142 2
110 147 2
110 152 2
110 155 2
110 156 2
110 157 2
110 159 2
110 161 2
110 163 2
110 164 2
110 165 2
110 167 2
110 168 2
110 169 2
110 171 2
110 172 2
110 174 2
110 175 2
110 177 2
110 178 2
110 183 2
110 184 2
110 188 2
110 190 2
110 197 2
110 199 2
111 113 4
111 115 4
111 116 4
111 117 4
111 118 3
111 119 3
111 121 4
111 124 4
111 125 2
111 131 4
111 134 2
111 135 4
111 138 4
111 139 4
111 140 4
111 142 4
111 147 4
111 152 4
111 155 4
111 156 4
111 157 3
111 159 4
111 161 4
111 163 4
111 164 4
111 165 4
111 167 2
111 168 4
111 169 4
111 171 4
111 172 2
111 174 3
111 175 4
111 177 4
111 178 4
111 183 4
111 184 2
111 188 4
111 190 4
111 197 4
111 199 4
112 113 2
112 115 2
112 116 2
112 117 2
112 118 2
112 119 2
112 121 2
112 124 2
112 125 2
112 131 2
112 134 2
112 135 2
112 138 2
112 139 2
112 140 2
112 142 2
112 147 2
112 152 2
112 155 2
112 156 2
112 157 2
112 159 2
112 161 2
112 163 2
112 164 2
112 165 2
112 167 2
112 168 2
112 169 2
112 171 2
112 172 2
112 174 2
112 175 2
112 177 2
112 178 2
112 183 2
112 184 2
112 188 2
112 190 2
112 197 2
112 199 2
113 114 1
113 120 1
113 123 1
113 126 2
113 127 3
113 128 2
113 129 4
113 130 1
113 132 4
113 133 2
113 136 4
113 137 1
113 141 2
113 143 3
113 144 2
113 145 4
113 146 2
113 148 1
113 149 1
113 150 2
113 151 1
113 153 1
113 158 5
113 160 2
113 162 3
113 166 5
113 170 5
113 173 3
113 176 1
113 180 1
113 181 6
113 182 1
113 185 6
113 186 3
113 189 1
113 191 3
113 192 2
113 193 2
113 195 1
113 196 1
113 198 1
113 200 1
114 115 1
114 116 1
114 117 1
114 118 1
114 119 1
114 121 1
114 124 1
114 125 1
114 131 1
114 134 1
114 135 1
114 138 1
114 139 1
114 140 1
114 142 1
114 147 1
114 152 1
114 155 1
114 156 1
114 157 1
114 159 1
114 161 1
114 163 1
114 164 1
114 165 1
114 167 1
114 168 1
114 169 1
114 171 1
114 172 1
114 174 1
114 175 1
114 177 1
114 178 1
114 183 1
114 184 1
114 188 1
114 190 1
114 197 1
114 199 1
115 120 1
115 123 1
115 126 2
115 127 3
115 128 2
115 129 4
115 130 1
115 132 4
115 133 2
115 136 4
115 137 1
115 141 2
115 143 3
115 144 2
115 145 4
115 146 2
115 148 1
115 149 1
115 150 2
115 151 1
115 153 1
115 158 5
115 160 2
115 162 3
115 166 5
115 170 5
115 173 3
115 176 1
115 180 1
115 181 5
115 182 1
115 185 5
115 186 3
115 189 1
115 191 3
115 192 2
115 193 2
115 195 1
115 196 1
115 198 1
115 200 1
116 120 1
116 123 1
116 126 2
116 127 3
116 128 2
116 129 4
116 130 1
116 132 4
116 133 2
116 136 4
116 137 1
116 141 2
116 143 3
116 144 2
116 145 4
116 146 2
116 148 1
116 149 1
116 150 2
116 151 1
116 153 1
116 158 4
116 160 2
116 162 3
116 166 4
116 170 4
116 173 3
116 176 1
116 180 1
116 181 4
116 182 1
116 185 4
116 186 3
116 189 1
116 191 3
116 192 2
116 193 2
116 195 1
116 196 1
116 198 1
116 200 1
117 120 1
117 123 1
117 126 2
117 127 3
117 128 2
117 129 4
117 130 1
117 132 4
117 133 2
117 136 4
117 137 1
117 141 2
117 143 3
117 144 2
117 145 4
117 146 2
117 148 1
117 149 1
117 150 2
117 151 1
117 153 1
117 158 5
117 160 2
117 162 3
117 166 5
117 170 5
117 173 3
117 176 1
117 180 1
117 181 5
117 182 1
117 185 5
117 186 3
117 189 1
117 191 3
117 192 2
117 193 2
117 195 1
117 196 1
117 198 1
117 200 1
118 120 1
118 123 1
118 126 2
118 127 3
118 128 2
118 129 3
118 130 1
118 132 3
118 133 2
118 136 3
118 137 1
118 141 2
118 143 3
118 144 2
118 145 3
118 146 2
118 148 1
118 149 1
118 150 2
118 151 1
118 153 1
118 158 3
118 160 2
118 162 3
118 166 3
118 170 3
118 173 3
118 176 1
118 180 1
118 181 3
118 182 1
118 185 3
118 186 3
118 189 1
118 191 3
118 192 2
118 193 2
118 195 1
118 196 1
118 198 1
118 200 1
119 120 1
119 123 1
119 126 2
119 127 3
119 128 2
119 129 3
119 130 1
119 132 3
119 133 2
119 136 3
119 137 1
119 141 2
119 143 3
119 144 2
119 145 3
119 146 2
119 148 1
119 149 1
119 150 2
119 151 1
119 153 1
119 158 3
119 160 2
119 162 3
119 166 3
119 170 3
119 173 3
119 176 1
119 180 1
119 181 3
119 182 1
119 185 3
119 186 3
119 189 1
119 191 3
119 192 2
119 193 2
119 195 1
119 196 1
119 198 1
119 200 1
120 121 1
120 124 1
120 125 1
120 131 1
120 134 1
120 135 1
120 138 1
120 139 1
120 140 1
120 142 1
120 147 1
120 152 1
120 155 1
120 156 1
120 157 1
120 159 1
120 161 1
120 163 1
120 164 1
120 165 1
120 167 1
120 168 1
120 169 1
120 171 1
120 172 1
120 174 1
120 175 1
120 177 1
120 178 1
120 183 1
120 184 1
120 188 1
120 190 1
120 197 1
120 199 1
121 123 1
121 126 2
121 127 3
121 128 2
121 129 4
121 130 1
121 132 4
121 133 2
121 136 4
121 137 1
121 141 2
121 143 3
121 144 2
121 145 4
121 146 2
121 148 1
121 149 1
121 150 2
121 151 1
121 153 1
121 158 5
121 160 2
121 162 3
121 166 5
121 170 5
121 173 3
121 176 1
121 180 1
121 181 6
121 182 1
121 185 6
121 186 3
121 189 1
121 191 3
121 192 2
121 193 2
121 195 1
121 196 1
121 198 1
121 200 1
123 124 1
123 125 1
123 131 1
123 134 1
123 135 1
123 138 1
123 139 1
123 140 1
123 142 1
123 147 1
123 152 1
123 155 1
123 156 1
123 157 1
123 159 1
123 161 1
123 163 1
123 164 1
123 165 1
123 167 1
123 168 1
123 169 1
123 171 1
123 172 1
123 174 1
123 175 1
123 177 1
123 178 1
123 183 1
123 184 1
123 188 1
123 190 1
123 197 1
123 199 1
124 126 2
124 127 3
124 128 2
124 129 4
124 130 1
124 132 4
124 133 2
124 136 4
124 137 1
124 141 2
124 143 3
124 144 2
124 145 4
124 146 2
124 148 1
124 149 1
124 150 2
124 151 1
124 153 1
124 158 5
124 160 2
124 162 3
124 166 5
124 170 5
124 173 3
124 176 1
124 180 1
124 181 6
124 182 1
124 185 6
124 186 3
124 189 1
124 191 3
124 192 2
124 193 2
124 195 1
124 196 1
124 198 1
124 200 1
125 126 2
125 127 2
125 128 2
125 129 2
125 130 1
125 132 2
125 133 2
125 136 2
125 137 1
125 141 2
125 143 2
125 144 2
125 145 2
125 146 2
125 148 1
125 149 1
125 150 2
125 151 1
125 153 1
125 158 2
125 160 2
125 162 2
125 166 2
125 170 2
125 173 2
125 176 1
125 180 1
125 181 2
125 182 1
125 185 2
125 186 2
125 189 1
125 191 2
125 192 2
125 193 2
125 195 1
125 196 1
125 198 1
125 200 1
126 131 2
126 134 2
126 135 2
126 138 2
126 139 2
126 140 2
126 142 2
126 147 2
126 152 2
126 155 2
126 156 2
126 157 2
126 159 2
126 161 2
126 163 2
126 164 2
126 165 2
126 167 2
126 168 2
126 169 2
126 171 2
126 172 2
126 174 2
126 175 2
126 177 2
126 178 2
126 183 2
126 184 2
126 188 2
126 190 2
126 197 2
126 199 2
127 131 3
127 134 2
127 135 3
127 138 3
127 139 3
127 140 3
127 142 3
127 147 3
127 152 3
127 155 3
127 156 3
127 157 3
127 159 3
127 161 3
127 163 3
127 164 3
127 165 3
127 167 2
127 168 3
127 169 3
127 171 3
127 172 2
127 174 3
127 175 3
127 177 3
127 178 3
127 183 3
127 184 2
127 188 3
127 190 3
127 197 3
127 199 3
128 131 2
128 134 2
128 135 2
128 138 2
128 139 2
128 140 2
128 142 2
128 147 2
128 152 2
128 155 2
128 156 2
128 157 2
128 159 2
128 161 2
128 163 2
128 164 2
128 165 2
128 167 2
128 168 2
128 169 2
128 171 2
128 172 2
128 174 2
128 175 2
128 177 2
128 178 2
128 183 2
128 184 2
128 188 2
128 190 2
128 197 2
128 199 2
129 131 4
129 134 2
129 135 4
129 138 4
129 139 4
129 140 4
129 142 4
129 147 4
129 152 4
129 155 4
129 156 4
129 157 3
129 159 4
129 161 4
129 163 4
129 164 4
129 165 4
129 167 2
129 168 4
129 169 4
129 171 4
129 172 2
129 174 3
129 175 4
129 177 4
129 178 4
129 183 4
129 184 2
129 188 4
129 190 4
129 197 4
129 199 4
130 131 1
130 134 1
130 135 1
130 138 1
130 139 1
130 140 1
130 142 1
130 147 1
130 152 1
130 155 1
130 156 1
130 157 1
130 159 1
130 161 1
130 163 1
130 164 1
130 165 1
130 167 1
130 168 1
130 169 1
130 171 1
130 172 1
130 174 1
130 175 1
130 177 1
130 178 1
130 183 1
130 184 1
130 188 1
130 190 1
130 197 1
130 199 1
131 132 4
131 133 2
131 136 4
131 137 1
131 141 2
131 143 3
131 144 2
131 145 4
131 146 2
131 148 1
131 149 1
131 150 2
131 151 1
131 153 1
131 158 4
131 160 2
131 162 3
131 166 4
131 170 4
131 173 3
131 176 1
131 180 1
131 181 4
131 182 1
131 185 4
131 186 3
131 189 1
131 191 3
131 192 2
131 193 2
131 195 1
131 196 1
131 198 1
131 200 1
132 134 2
132 135 4
132 138 4
132 139 4
132 140 4
132 142 4
132 147 4
132 152 4
132 155 4
132 156 4
132 157 3
132 159 4
132 161 4
132 163 4
132 164 4
132 165 4
132 167 2
132 168 4
132 169 4
132 171 4
132 172 2
132 174 3
132 175 4
132 177 4
132 178 4
132 183 4
132 184 2
132 188 4
132 190 4
132 197 4
132 199 4
133 134 2
133 135 2
133 138 2
133 139 2
133 140 2
133 142 2
133 147 2
133 152 2
133 155 2
133 156 2
133 157 2
133 159 2
133 161 2
133 163 2
133 164 2
133 165 2
133 167 2
133 168 2
133 169 2
133 171 2
133 172 2
133 174 2
133 175 2
133 177 2
133 178 2
133 183 2
133 184 2
133 188 2
133 190 2
133 197 2
133 199 2
134 136 2
134 137 1
134 141 2
134 143 2
134 144 2
134 145 2
134 146 2
134 148 1
134 149 1
134 150 2
134 151 1
134 153 1
134 158 2
134 160 2
134 162 2
134 166 2
134 170 2
134 173 2
134 176 1
134 180 1
134 181 2
134 182 1
134 185 2
134 186 2
134 189 1
134 191 2
134 192 2
134 193 2
134 195 1
134 196 1
134 198 1
134 200 1
135 136 4
135 137 1
135 141 2
135 143 3
135 144 2
135 145 4
135 146 2
135 148 1
135 149 1
135 150 2
135 151 1
135 153 1
135 158 5
135 160 2
135 162 3
135 166 5
135 170 5
135 173 3
135 176 1
135 180 1
135 181 6
135 182 1
135 185 6
135 186 3
135 189 1
135 191 3
135 192 2
135 193 2
135 195 1
135 196 1
135 198 1
135 200 1
136 138 4
136 139 4
136 140 4
136 142 4
136 147 4
136 152 4
136 155 4
136 156 4
136 157 3
136 159 4
136 161 4
136 163 4
136 164 4
136 165 4
136 167 2
136 168 4
136 169 4
136 171 4
136 172 2
136 174 3
136 175 4
136 177 4
136 178 4
136 183 4
136 184 2
136 188 4
136 190 4
136 197 4
136 199 4
137 138 1
137 139 1
137 140 1
137 142 1
137 147 1
137 152 1
137 155 1
137 156 1
137 157 1
137 159 1
137 161 1
137 163 1
137 164 1
137 165 1
137 167 1
137 168 1
137 169 1
137 171 1
137 172 1
137 174 1
137 175 1
137 177 1
137 178 1
137 183 1
137 184 1
137 188 1
137 190 1
137 197 1
137 199 1
138 141 2
138 143 3
138 144 2
138 145 4
138 146 2
138 148 1
138 149 1
138 150 2
138 151 1
138 153 1
138 158 5
138 160 2
138 162 3
138 166 5
138 170 5
138 173 3
138 176 1
138 180 1
138 181 6
138 182 1
138 185 6
138 186 3
138 189 1
138 191 3
138 192 2
138 193 2
138 195 1
138 196 1
138 198 1
138 200 1
139 141 2
139 143 3
139 144 2
139 145 4
139 146 2
139 148 1
139 149 1
139 150 2
139 151 1
139 153 1
139 158 5
139 160 2
139 162 3
139 166 5
139 170 5
139 173 3
139 176 1
139 180 1
139 181 6
139 182 1
139 185 6
139 186 3
139 189 1
139 191 3
139 192 2
139 193 2
139 195 1
139 196 1
139 198 1
139 200 1
140 141 2
140 143 3
140 144 2
140 145 4
140 146 2
140 148 1
140 149 1
140 150 2
140 151 1
140 153 1
140 158 5
140 160 2
140 162 3
140 166 5
140 170 5
140 173 3
140 176 1
140 180 1
140 181 5
140 182 1
140 185 5
140 186 3
140 189 1
140 191 3
140 192 2
140 193 2
140 195 1
140 196 1
140 198 1
140 200 1
141 142 2
141 147 2
141 152 2
141 155 2
141 156 2
141 157 2
141 159 2
141 161 2
141 163 2
141 164 2
141 165 2
141 167 2
141 168 2
141 169 2
141 171 2
141 172 2
141 174 2
141 175 2
141 177 2
141 178 2
141 183 2
141 184 2
141 188 2
141 190 2
141 197 2
141 199 2
142 143 3
142 144 2
142 145 4
142 146 2
142 148 1
142 149 1
142 150 2
142 151 1
142 153 1
142 158 5
142 160 2
142 162 3
142 166 5
142 170 5
142 173 3
142 176 1
142 180 1
142 181 6
142 182 1
142 185 6
142 186 3
142 189 1
142 191 3
142 192 2
142 193 2
142 195 1
142 196 1
142 198 1
142 200 1
143 147 3
143 152 3
143 155 3
143 156 3
143 157 3
143 159 3
143 161 3
143 163 3
143 164 3
143 165 3
143 167 2
143 168 3
143 169 3
143 171 3
143 172 2
143 174 3
143 175 3
143 177 3
143 178 3
143 183 3
143 184 2
143 188 3
143 190 3
143 197 3
143 199 3
144 147 2
144 152 2
144 155 2
144 156 2
144 157 2
144 159 2
144 161 2
144 163 2
144 164 2
144 165 2
144 167 2
144 168 2
144 169 2
144 171 2
144 172 2
144 174 2
144 175 2
144 177 2
144 178 2
144 183 2
144 184 2
144 188 2
144 190 2
144 197 2
144 199 2
145 147 4
145 152 4
145 155 4
145 156 4
145 157 3
145 159 4
145 161 4
145 163 4
145 164 4
145 165 4
145 167 2
145 168 4
145 169 4
145 171 4
145 172 2
145 174 3
145 175 4
145 177 4
145 178 4
145 183 4
145 184 2
145 188 4
145 190 4
145 197 4
145 199 4
146 147 2
146 152 2
146 155 2
146 156 2
146 157 2
146 159 2
146 161 2
146 163 2
146 164 2
146 165 2
146 167 2
146 168 2
146 169 2
146 171 2
146 172 2
146 174 2
146 175 2
146 177 2
146 178 2
146 183 2
146 184 2
146 188 2
146 190 2
146 197 2
146 199 2
147 148 1
147 149 1
147 150 2
147 151 1
147 153 1
147 158 5
147 160 2
147 162 3
147 166 5
147 170 5
147 173 3
147 176 1
147 180 1
147 181 6
147 182 1
147 185 6
147 186 3
147 189 1
147 191 3
147 192 2
147 193 2
147 195 1
147 196 1
147 198 1
147 200 1
148 152 1
148 155 1
148 156 1
148 157 1
148 159 1
148 161 1
148 163 1
148 164 1
148 165 1
148 167 1
148 168 1
148 169 1
148 171 1
148 172 1
148 174 1
148 175 1
148 177 1
148 178 1
148 183 1
148 184 1
148 188 1
148 190 1
148 197 1
148 199 1
149 152 1
149 155 1
149 156 1
149 157 1
149 159 1
149 161 1
149 163 1
149 164 1
149 165 1
149 167 1
149 168 1
149 169 1
149 171 1
149 172 1
149 174 1
149 175 1
149 177 1
149 178 1
149 183 1
149 184 1
149 188 1
149 190 1
149 197 1
149 199 1
150 152 2
150 155 2
150 156 2
150 157 2
150 159 2
150 161 2
150 163 2
150 164 2
150 165 2
150 167 2
150 168 2
150 169 2
150 171 2
150 172 2
150 174 2
150 175 2
150 177 2
150 178 2
150 183 2
150 184 2
150 188 2
150 190 2
150 197 2
150 199 2
151 152 1
151 155 1
151 156 1
151 157 1
151 159 1
151 161 1
151 163 1
151 164 1
151 165 1
151 167 1
151 168 1
151 169 1
151 171 1
151 172 1
151 174 1
151 175 1
151 177 1
151 178 1
151 183 1
151 184 1
151 188 1
151 190 1
151 197 1
151 199 1
152 153 1
152 158 5
152 160 2
152 162 3
152 166 5
152 170 5
152 173 3
152 176 1
152 180 1
152 181 6
152 182 1
152 185 6
152 186 3
152 189 1
152 191 3
152 192 2
152 193 2
152 195 1
152 196 1
152 198 1
152 200 1
153 155 1
153 156 1
153 157 1
153 159 1
153 161 1
153 163 1
153 164 1
153 165 1
153 167 1
153 168 1
153 169 1
153 171 1
153 172 1
153 174 1
153 175 1
153 177 1
153 178 1
153 183 1
153 184 1
153 188 1
153 190 1
153 197 1
153 199 1
155 158 5
155 160 2
155 162 3
155 166 5
155 170 5
155 173 3
155 176 1
155 180 1
155 181 6
155 182 1
155 185 6
155 186 3
155 189 1
155 191 3
155 192 2
155 193 2
155 195 1
155 196 1
155 198 1
155 200 1
156 158 5
156 160 2
156 162 3
156 166 5
156 170 5
156 173 3
156 176 1
156 180 1
156 181 6
156 182 1
156 185 6
156 186 3
156 189 1
156 191 3
156 192 2
156 193 2
156 195 1
156 196 1
156 198 1
156 200 1
157 158 3
157 160 2
157 162 3
157 166 3
157 170 3
157 173 3
157 176 1
157 180 1
157 181 3
157 182 1
157 185 3
157 186 3
157 189 1
157 191 3
157 192 2
157 193 2
157 195 1
157 196 1
157 198 1
157 200 1
158 159 5
158 161 5
158 163 5
158 164 5
158 165 5
158 167 2
158 168 4
158 169 5
158 171 5
158 172 2
158 174 3
158 175 5
158 177 5
158 178 5
158 183 5
158 184 2
158 188 5
158 190 5
158 197 5
158 199 4
159 160 2
159 162 3
159 166 5
159 170 5
159 173 3
159 176 1
159 180 1
159 181 6
159 182 1
159 185 6
159 186 3
159 189 1
159 191 3
159 192 2
159 193 2
159 195 1
159 196 1
159 198 1
159 200 1
160 161 2
160 163 2
160 164 2
160 165 2
160 167 2
160 168 2
160 169 2
160 171 2
160 172 2
160 174 2
160 175 2
160 177 2
160 178 2
160 183 2
160 184 2
160 188 2
160 190 2
160 197 2
160 199 2
161 162 3
161 166 5
161 170 5
161 173 3
161 176 1
161 180 1
161 181 5
161 182 1
161 185 5
161 186 3
161 189 1
161 191 3
161 192 2
161 193 2
161 195 1
161 196 1
161 198 1
161 200 1
162 163 3
162 164 3
162 165 3
162 167 2
162 168 3
162 169 3
162 171 3
162 172 2
162 174 3
162 175 3
162 177 3
162 178 3
162 183 3
162 184 2
162 188 3
162 190 3
162 197 3
162 199 3
163 166 5
163 170 5
163 173 3
163 176 1
163 180 1
163 181 6
163 182 1
163 185 6
163 186 3
163 189 1
163 191 3
163 192 2
163 193 2
163 195 1
163 196 1
163 198 1
163 200 1
164 166 5
164 170 5
164 173 3
164 176 1
164 180 1
164 181 6
164 182 1
164 185 6
164 186 3
164 189 1
164 191 3
164 192 2
164 193 2
164 195 1
164 196 1
164 198 1
164 200 1
165 166 5
165 170 5
165 173 3
165 176 1
165 180 1
165 181 6
165 182 1
165 185 6
165 186 3
165 189 1
165 191 3
165 192 2
165 193 2
165 195 1
165 196 1
165 198 1
165 200 1
166 167 2
166 168 4
166 169 5
166 171 5
166 172 2
166 174 3
166 175 5
166 177 5
166 178 5
166 183 5
166 184 2
166 188 5
166 190 5
166 197 5
166 199 4
167 170 2
167 173 2
167 176 1
167 180 1
167 181 2
167 182 1
167 185 2
167 186 2
167 189 1
167 191 2
167 192 2
167 193 2
167 195 1
167 196 1
167 198 1
167 200 1
168 170 4
168 173 3
168 176 1
168 180 1
168 181 4
168 182 1
168 185 4
168 186 3
168 189 1
168 191 3
168 192 2
168 193 2
168 195 1
168 196 1
168 198 1
168 200 1
169 170 5
169 173 3
169 176 1
169 180 1
169 181 6
169 182 1
169 185 6
169 186 3
169 189 1
169 191 3
169 192 2
169 193 2
169 195 1
169 196 1
169 198 1
169 200 1
170 171 5
170 172 2
170 174 3
170 175 5
170 177 5
170 178 5
170 183 5
170 184 2
170 188 5
170 190 5
170 197 5
170 199 4
171 173 3
171 176 1
171 180 1
171 181 5
171 182 1
171 185 5
171 186 3
171 189 1
171 191 3
171 192 2
171 193 2
171 195 1
171 196 1
171 198 1
171 200 1
172 173 2
172 176 1
172 180 1
172 181 2
172 182 1
172 185 2
172 186 2
172 189 1
172 191 2
172 192 2
172 193 2
172 195 1
172 196 1
172 198 1
172 200 1
173 174 3
173 175 3
173 177 3
173 178 3
173 183 3
173 184 2
173 188 3
173 190 3
173 197 3
173 199 3
174 176 1
174 180 1
174 181 3
174 182 1
174 185 3
174 186 3
174 189 1
174 191 3
174 192 2
174 193 2
174 195 1
174 196 1
174 198 1
174 200 1
175 176 1
175 180 1
175 181 6
175 182 1
175 185 6
175 186 3
175 189 1
175 191 3
175 192 2
175 193 2
175 195 1
175 196 1
175 198 1
175 200 1
176 177 1
176 178 1
176 183 1
176 184 1
176 188 1
176 190 1
176 197 1
176 199 1
177 180 1
177 181 5
177 182 1
177 185 5
177 186 3
177 189 1
177 191 3
177 192 2
177 193 2
177 195 1
177 196 1
177 198 1
177 200 1
178 180 1
178 181 6
178 182 1
178 185 6
178 186 3
178 189 1
178 191 3
178 192 2
178 193 2
178 195 1
178 196 1
178 198 1
178 200 1
180 183 1
180 184 1
180 188 1
180 190 1
180 197 1
180 199 1
181 183 6
181 184 2
181 188 6
181 190 5
181 197 5
181 199 4
182 183 1
182 184 1
182 188 1
182 190 1
182 197 1
182 199 1
183 185 6
183 186 3
183 189 1
183 191 3
183 192 2
183 193 2
183 195 1
183 196 1
183 198 1
183 200 1
184 185 2
184 186 2
184 189 1
184 191 2
184 192 2
184 193 2
184 195 1
184 196 1
184 198 1
184 200 1
185 188 6
185 190 5
185 197 5
185 199 4
186 188 3
186 190 3
186 197 3
186 199 3
188 189 1
188 191 3
188 192 2
188 193 2
188 195 1
188 196 1
188 198 1
188 200 1
189 190 1
189 197 1
189 199 1
190 191 3
190 192 2
190 193 2
190 195 1
190 196 1
190 198 1
190 200 1
191 197 3
191 199 3
192 197 2
192 199 2
193 197 2
193 199 2
195 197 1
195 199 1
196 197 1
196 199 1
197 198 1
197 200 1
198 199 1
199 200 1
